#overlapped_WTuntr_H3K27ac Enhancers
#Created from WTuntr_SE/overlapped_WTuntr_H3K27ac_12KB_STITCHED_ENHANCER_REGION_MAP.txt
#Ranked by WTuntr_merged.bam
#Using cutoff of 10679.2405 for Super-Enhancers
#Created on Νοε 24 2021 
REGION_ID	CHROM	START	STOP	NUM_LOCI	CONSTITUENT_SIZE	WTuntr_merged.bam	WTuntr_Input_merged.bam	enhancerRank	isSuper
25_WTuntr_H3K27ac_rep_A_peak_8316_lociStitched	chr15	58975017	59082565	25	55689	116237.8784	20713.7448	1	1
31_WTuntr_H3K27ac_rep_A_peak_7088_lociStitched	chr14	25450676	25540885	31	41288	103172.0333	18465.7823	2	1
12_WTuntr_H3K27ac_rep_A_peak_13139_lociStitched	chr2	27539889	27601748	12	29272	76680.4164	11332.5688	3	1
9_WTuntr_H3K27ac_rep_A_peak_21245_lociStitched	chr7	19664478	19716214	9	29854	70081.5856	9622.896	4	1
12_WTuntr_H3K27ac_rep_A_peak_21704_lociStitched	chr7	63894949	63940033	12	28088	68775.642	8480.3004	5	1
18_WTuntr_H3K27ac_rep_A_peak_16273_lociStitched	chr4	45452206	45532306	18	39229	74484.99	15995.97	6	1
6_WTuntr_H3K27ac_rep_A_peak_21511_lociStitched	chr7	35115991	35150760	6	25972	65490.8884	7259.7672	7	1
18_WTuntr_H3K27ac_rep_A_peak_11889_lociStitched	chr18	84848289	84922537	18	32818	67528.556	11434.192	8	1
9_WTuntr_H3K27ac_rep_A_peak_19266_lociStitched	chr5	139325049	139390162	9	32846	68726.7715	13055.1565	9	1
9_WTuntr_H3K27ac_rep_A_peak_19318_lociStitched	chr5	140790826	140830420	9	28612	61643.8986	7206.108	10	1
7_WTuntr_H3K27ac_rep_A_peak_5431_lociStitched	chr12	80102582	80147148	7	21133	62035.872	7839.1594	11	1
6_WTuntr_H3K27ac_rep_A_peak_24548_lociStitched	chr9	46195887	46241739	6	27777	61895.6148	8986.992	12	1
15_WTuntr_H3K27ac_rep_A_peak_14627_lociStitched	chr2	167799065	167865001	15	31782	63021.6288	12633.3376	13	1
5_WTuntr_H3K27ac_rep_A_peak_12304_lociStitched	chr19	23125396	23150234	5	12656	54089.7126	4316.8444	14	1
14_WTuntr_H3K27ac_rep_A_peak_2229_lociStitched	chr10	80095006	80173661	14	25491	64898.2405	15487.1695	15	1
7_WTuntr_H3K27ac_rep_A_peak_25516_lociStitched	chr9	121881130	121927463	7	21433	57086.8893	8010.9757	16	1
12_WTuntr_H3K27ac_rep_A_peak_17703_lociStitched	chr4	150684319	150757539	12	22879	61570.698	12894.042	17	1
9_WTuntr_H3K27ac_rep_A_peak_8701_lociStitched	chr15	81830711	81882940	9	22196	57504.129	8988.6109	18	1
11_WTuntr_H3K27ac_rep_A_peak_8817_lociStitched	chr15	85702343	85755834	11	26959	57037.4533	9713.9656	19	1
18_WTuntr_H3K27ac_rep_A_peak_8723_lociStitched	chr15	82375844	82459164	18	26373	57332.492	11006.572	20	1
10_WTuntr_H3K27ac_rep_A_peak_20257_lociStitched	chr6	90450442	90493048	10	16256	53819.8992	7950.2796	21	1
14_WTuntr_H3K27ac_rep_A_peak_23214_lociStitched	chr8	70506380	70565078	14	23048	58017.1032	12408.7572	22	1
14_WTuntr_H3K27ac_rep_A_peak_455_lociStitched	chr1	74007955	74082866	14	26634	60078.622	14585.1717	23	1
3_WTuntr_H3K27ac_rep_A_peak_11234_lociStitched	chr18	12633993	12654433	3	19180	48710.564	3393.04	24	1
6_WTuntr_H3K27ac_rep_A_peak_14505_lociStitched	chr2	164420841	164461431	6	26167	52174.386	7476.678	25	1
15_WTuntr_H3K27ac_rep_A_peak_4852_lociStitched	chr11	120457520	120550247	15	23783	63517.995	18851.3991	26	1
9_WTuntr_H3K27ac_rep_A_peak_1433_lociStitched	chr1	184807441	184854166	9	20035	52490.865	8569.365	27	1
10_WTuntr_H3K27ac_rep_A_peak_2334_lociStitched	chr10	81377983	81435560	10	25519	55089.6736	11296.6074	28	1
10_WTuntr_H3K27ac_rep_A_peak_12052_lociStitched	chr19	5800161	5850778	10	26388	53578.0945	9880.4384	29	1
7_WTuntr_H3K27ac_rep_A_peak_14346_lociStitched	chr2	155050252	155103129	7	23608	52194.8867	8782.8697	30	1
8_WTuntr_H3K27ac_rep_A_peak_18895_lociStitched	chr5	121685019	121721875	8	20146	48697.8328	5974.3576	31	1
3_WTuntr_H3K27ac_rep_A_peak_5557_lociStitched	chr12	86882255	86905418	3	15867	46525.2018	3981.7197	32	1
5_WTuntr_H3K27ac_rep_A_peak_4249_lociStitched	chr11	98772606	98796617	5	14095	46619.7576	4432.4306	33	1
11_WTuntr_H3K27ac_rep_A_peak_15291_lociStitched	chr3	89266583	89306633	11	19719	50226.705	8234.28	34	1
6_WTuntr_H3K27ac_rep_A_peak_17503_lociStitched	chr4	141301226	141333464	6	18963	48602.0088	6631.3566	35	1
5_WTuntr_H3K27ac_rep_A_peak_888_lociStitched	chr1	133361207	133379741	5	16263	45311.9232	3760.5486	36	1
6_WTuntr_H3K27ac_rep_A_peak_24398_lociStitched	chr9	35106223	35140206	6	21186	47871.8521	6507.7445	37	1
7_WTuntr_H3K27ac_rep_A_peak_22041_lociStitched	chr7	99155579	99199389	7	25594	49211.773	8122.374	38	1
6_WTuntr_H3K27ac_rep_A_peak_9315_lociStitched	chr16	18405593	18434277	6	18466	45639.1124	5194.6724	39	1
6_WTuntr_H3K27ac_rep_A_peak_15958_lociStitched	chr3	146567502	146600989	6	18182	44808.9547	4735.0618	40	1
7_WTuntr_H3K27ac_rep_A_peak_2138_lociStitched	chr10	77089218	77119007	7	21918	45198.8497	5451.387	41	1
9_WTuntr_H3K27ac_rep_A_peak_18720_lociStitched	chr5	113122457	113155203	9	17155	46374.8852	6699.8316	42	1
10_WTuntr_H3K27ac_rep_A_peak_11529_lociStitched	chr18	46596858	46651509	10	23648	47180.2083	7580.0937	43	1
4_WTuntr_H3K27ac_rep_A_peak_13144_lociStitched	chr2	27671322	27692167	4	18796	44205.9915	4621.3365	44	1
9_WTuntr_H3K27ac_rep_A_peak_11991_lociStitched	chr19	4544674	4600823	9	25771	47507.6689	8276.3626	45	1
4_WTuntr_H3K27ac_rep_A_peak_5720_lociStitched	chr12	104840225	104865389	4	23685	44223.2136	5100.7428	46	1
7_WTuntr_H3K27ac_rep_A_peak_2827_lociStitched	chr10	127596256	127644174	7	18574	47175.271	8289.814	47	1
15_WTuntr_H3K27ac_rep_A_peak_8865_lociStitched	chr15	88819009	88876567	15	20390	49678.3098	11131.7172	48	1
3_WTuntr_H3K27ac_rep_A_peak_24099_lociStitched	chr8	126582840	126596789	3	12580	40315.3998	2586.1446	49	1
10_WTuntr_H3K27ac_rep_A_peak_23563_lociStitched	chr8	94353596	94390130	10	13563	43625.2494	6696.6822	50	1
14_WTuntr_H3K27ac_rep_A_peak_8932_lociStitched	chr15	97003914	97051022	14	21775	43537.2136	6722.3116	51	1
13_WTuntr_H3K27ac_rep_A_peak_10256_lociStitched	chr17	26561141	26638791	13	25218	51994.44	15203.87	52	1
9_WTuntr_H3K27ac_rep_A_peak_20148_lociStitched	chr6	85838449	85870108	9	19636	41422.6356	4755.1818	53	1
8_WTuntr_H3K27ac_rep_A_peak_6643_lociStitched	chr13	81315675	81351970	8	18085	40762.9145	4137.63	54	1
6_WTuntr_H3K27ac_rep_A_peak_21379_lociStitched	chr7	28371799	28393303	6	12691	40380.2112	4102.9632	55	1
8_WTuntr_H3K27ac_rep_A_peak_6020_lociStitched	chr13	24326236	24376045	8	21213	42247.9938	6246.0486	56	1
7_WTuntr_H3K27ac_rep_A_peak_9362_lociStitched	chr16	22877114	22902420	7	18584	40347.8864	4608.2226	57	1
10_WTuntr_H3K27ac_rep_A_peak_14910_lociStitched	chr3	28695097	28737945	10	18620	41455.44	5814.4736	58	1
4_WTuntr_H3K27ac_rep_A_peak_9407_lociStitched	chr16	23972414	23994713	4	17127	39027.7098	3661.4958	59	1
8_WTuntr_H3K27ac_rep_A_peak_14479_lociStitched	chr2	163535166	163560111	8	15246	39956.901	4684.671	60	1
5_WTuntr_H3K27ac_rep_A_peak_8338_lociStitched	chr15	59647410	59681226	5	13022	40792.2408	5583.0216	61	1
12_WTuntr_H3K27ac_rep_A_peak_2855_lociStitched	chr10	127865925	127905421	12	18469	41656.4312	6469.4448	62	1
6_WTuntr_H3K27ac_rep_A_peak_21624_lociStitched	chr7	45703740	45718571	6	10369	37954.0121	3368.1201	63	1
2_WTuntr_H3K27ac_rep_A_peak_19347_lociStitched	chr5	142813630	142824161	2	10084	36666.8358	2133.5806	64	1
4_WTuntr_H3K27ac_rep_A_peak_4116_lociStitched	chr11	94133607	94166324	4	14066	40264.8119	6111.5356	65	1
5_WTuntr_H3K27ac_rep_A_peak_4748_lociStitched	chr11	117825478	117849158	5	12580	38700.224	4612.864	66	1
4_WTuntr_H3K27ac_rep_A_peak_20268_lociStitched	chr6	90539242	90558668	4	17889	37589.31	3679.2844	67	1
7_WTuntr_H3K27ac_rep_A_peak_3776_lociStitched	chr11	75437984	75469272	7	14954	40117.4736	6232.5696	68	1
2_WTuntr_H3K27ac_rep_A_peak_111_lociStitched	chr1	36064899	36079718	2	14409	36554.0273	2928.2344	69	1
19_WTuntr_H3K27ac_rep_A_peak_9415_lociStitched	chr16	24034269	24104280	19	18480	43084.7694	9479.4894	70	1
8_WTuntr_H3K27ac_rep_A_peak_25028_lociStitched	chr9	74911591	74956290	8	14947	40649.2706	7044.5624	71	1
7_WTuntr_H3K27ac_rep_A_peak_20096_lociStitched	chr6	82029120	82074273	7	17762	41305.9644	7752.7701	72	1
6_WTuntr_H3K27ac_rep_A_peak_25316_lociStitched	chr9	107650223	107676477	6	14130	38309.8368	4883.244	73	1
5_WTuntr_H3K27ac_rep_A_peak_22102_lociStitched	chr7	101298962	101333168	5	15763	40239.9384	6906.1914	74	1
5_WTuntr_H3K27ac_rep_A_peak_4861_lociStitched	chr11	120597791	120633585	5	13168	40454.3788	7226.8086	75	1
5_WTuntr_H3K27ac_rep_A_peak_652_lociStitched	chr1	91435606	91465374	5	17290	39237.2008	6054.8112	76	1
1_WTuntr_H3K27ac_rep_A_peak_18952_lociStitched	chr5	123134799	123144760	1	9962	34880.4337	1992.2	77	1
11_WTuntr_H3K27ac_rep_A_peak_23825_lociStitched	chr8	114085720	114143003	11	23749	40848.5073	8031.0766	78	1
7_WTuntr_H3K27ac_rep_A_peak_2247_lociStitched	chr10	80249208	80293046	7	16210	41821.452	9131.4554	79	1
9_WTuntr_H3K27ac_rep_A_peak_17530_lociStitched	chr4	141719527	141750035	9	16242	38165.508	5476.186	80	1
12_WTuntr_H3K27ac_rep_A_peak_24578_lociStitched	chr9	48722626	48755990	12	19489	38618.83	6175.6764	81	1
9_WTuntr_H3K27ac_rep_A_peak_23232_lociStitched	chr8	70629723	70680068	9	19463	42455.9385	10043.8275	82	1
5_WTuntr_H3K27ac_rep_A_peak_3348_lociStitched	chr11	51745879	51778691	5	12594	36900.3752	4505.0876	83	1
6_WTuntr_H3K27ac_rep_A_peak_11304_lociStitched	chr18	20921095	20946773	6	15121	35684.7166	3317.5976	84	1
4_WTuntr_H3K27ac_rep_A_peak_24106_lociStitched	chr8	126650694	126668952	4	12974	35836.8024	3573.0906	85	1
9_WTuntr_H3K27ac_rep_A_peak_10619_lociStitched	chr17	45563942	45619904	9	17813	42939.6426	10688.742	86	1
2_WTuntr_H3K27ac_rep_A_peak_24461_lociStitched	chr9	43224769	43240902	2	15838	35742.6615	3510.5408	87	1
6_WTuntr_H3K27ac_rep_A_peak_2275_lociStitched	chr10	80656153	80680347	6	12074	37157.1452	4976.7058	88	1
5_WTuntr_H3K27ac_rep_A_peak_23867_lociStitched	chr8	117645022	117678563	5	17574	37763.8119	5712.0323	89	1
10_WTuntr_H3K27ac_rep_A_peak_11098_lociStitched	chr17	87263446	87318426	10	21024	42114.68	10110.822	90	1
9_WTuntr_H3K27ac_rep_A_peak_15303_lociStitched	chr3	89387883	89430868	9	13091	39825.6025	7836.1655	91	1
5_WTuntr_H3K27ac_rep_A_peak_10150_lociStitched	chr17	24204584	24227369	5	13615	36508.4055	4613.9625	92	1
8_WTuntr_H3K27ac_rep_A_peak_22591_lociStitched	chr7	141413338	141478384	8	17230	44335.3536	12540.8688	93	1
5_WTuntr_H3K27ac_rep_A_peak_15872_lociStitched	chr3	138223526	138243663	5	17134	34454.407	2879.591	94	1
9_WTuntr_H3K27ac_rep_A_peak_18995_lociStitched	chr5	124203053	124250307	9	16423	40539.2066	8982.9854	95	1
6_WTuntr_H3K27ac_rep_A_peak_24446_lociStitched	chr9	42247091	42281073	6	15667	36707.3564	5178.8568	96	1
13_WTuntr_H3K27ac_rep_A_peak_8807_lociStitched	chr15	85612516	85683563	13	14688	43843.1037	12340.8639	97	1
10_WTuntr_H3K27ac_rep_A_peak_6923_lociStitched	chr14	7818016	7855725	10	18670	37724.0836	6278.5485	98	1
17_WTuntr_H3K27ac_rep_A_peak_18256_lociStitched	chr5	66042793	66115683	17	23633	42793.719	11523.909	99	1
10_WTuntr_H3K27ac_rep_A_peak_23046_lociStitched	chr8	45238981	45305518	10	18488	38052.5103	7458.7977	100	1
7_WTuntr_H3K27ac_rep_A_peak_2106_lociStitched	chr10	75494966	75518462	7	15516	35234.6016	4652.208	101	1
7_WTuntr_H3K27ac_rep_A_peak_17957_lociStitched	chr5	28031271	28056557	7	12631	34806.179	4326.4346	102	1
9_WTuntr_H3K27ac_rep_A_peak_20827_lociStitched	chr6	129204165	129242326	9	17555	34386.8771	4079.4109	103	1
7_WTuntr_H3K27ac_rep_A_peak_23875_lociStitched	chr8	117694493	117727417	7	15563	35162.832	5396.2436	104	1
15_WTuntr_H3K27ac_rep_A_peak_21462_lociStitched	chr7	30943378	30989470	15	19287	37721.6928	7992.3528	105	1
7_WTuntr_H3K27ac_rep_A_peak_558_lociStitched	chr1	86037472	86065389	7	13713	34522.1622	4838.0161	106	1
7_WTuntr_H3K27ac_rep_A_peak_21840_lociStitched	chr7	80024415	80059347	7	15120	36063.7968	6472.8996	107	1
9_WTuntr_H3K27ac_rep_A_peak_2765_lociStitched	chr10	121469252	121511207	9	14876	36622.5195	7132.35	108	1
6_WTuntr_H3K27ac_rep_A_peak_21262_lociStitched	chr7	19816019	19843910	6	12543	34487.2215	5218.4061	109	1
10_WTuntr_H3K27ac_rep_A_peak_23002_lociStitched	chr8	40861301	40896813	10	17847	33725.7464	4595.2528	110	1
9_WTuntr_H3K27ac_rep_A_peak_3899_lociStitched	chr11	79745835	79793209	9	13126	36624.8394	7527.7286	111	1
10_WTuntr_H3K27ac_rep_A_peak_16167_lociStitched	chr4	35082937	35136231	10	18286	37241.8472	8287.217	112	1
8_WTuntr_H3K27ac_rep_A_peak_20381_lociStitched	chr6	97261587	97293767	8	16528	33435.02	4633.92	113	1
12_WTuntr_H3K27ac_rep_A_peak_6235_lociStitched	chr13	41196288	41250605	12	16030	36930.1283	8147.55	114	1
8_WTuntr_H3K27ac_rep_A_peak_13612_lociStitched	chr2	72151723	72184378	8	17536	33167.6835	4444.3455	115	1
13_WTuntr_H3K27ac_rep_A_peak_20703_lociStitched	chr6	124662422	124713039	13	18333	38104.4776	9445.1322	116	1
7_WTuntr_H3K27ac_rep_A_peak_4007_lociStitched	chr11	86573725	86615017	7	17240	34821.5436	6226.8336	117	1
7_WTuntr_H3K27ac_rep_A_peak_11217_lociStitched	chr18	12214444	12237144	7	16299	32608.55	4215.39	118	1
12_WTuntr_H3K27ac_rep_A_peak_13839_lociStitched	chr2	103465064	103513569	12	17103	34918.7495	6572.4275	119	1
7_WTuntr_H3K27ac_rep_A_peak_16721_lociStitched	chr4	104803720	104843016	7	16115	33951.744	5776.512	120	1
19_WTuntr_H3K27ac_rep_A_peak_11954_lociStitched	chr19	4000311	4073859	19	18914	39965.9832	11811.8088	121	1
6_WTuntr_H3K27ac_rep_A_peak_11450_lociStitched	chr18	38175544	38212478	6	14715	34954.3376	6806.9362	122	1
7_WTuntr_H3K27ac_rep_A_peak_2674_lociStitched	chr10	111578235	111626636	7	17119	34296.9486	6205.0082	123	1
4_WTuntr_H3K27ac_rep_A_peak_2816_lociStitched	chr10	127350009	127381618	4	12660	33025.0832	5114.3362	124	1
7_WTuntr_H3K27ac_rep_A_peak_23430_lociStitched	chr8	84960229	84990909	7	13730	33514.832	5654.324	125	1
7_WTuntr_H3K27ac_rep_A_peak_7158_lociStitched	chr14	29995193	30022614	7	15712	33025.8524	5188.0532	126	1
7_WTuntr_H3K27ac_rep_A_peak_7612_lociStitched	chr14	65331811	65389039	7	15136	37135.2492	9494.1252	127	1
17_WTuntr_H3K27ac_rep_A_peak_21939_lociStitched	chr7	84107345	84171118	17	16013	36918.1897	9278.9715	128	1
9_WTuntr_H3K27ac_rep_A_peak_15510_lociStitched	chr3	98236292	98284460	9	17006	35104.8384	7538.292	129	1
13_WTuntr_H3K27ac_rep_A_peak_977_lociStitched	chr1	136910369	136967868	13	16637	35873.6261	8314.3554	130	1
7_WTuntr_H3K27ac_rep_A_peak_12741_lociStitched	chr19	47445218	47465782	7	14657	31637.714	4170.3792	131	1
11_WTuntr_H3K27ac_rep_A_peak_25302_lociStitched	chr9	107534056	107599025	11	17440	40033.8978	12577.9984	132	1
10_WTuntr_H3K27ac_rep_A_peak_17105_lociStitched	chr4	128971472	129001540	10	15771	32753.0724	5325.0428	133	1
7_WTuntr_H3K27ac_rep_A_peak_10830_lociStitched	chr17	64600151	64620852	7	12532	30635.4099	3334.9311	134	1
5_WTuntr_H3K27ac_rep_A_peak_15551_lociStitched	chr3	101505869	101529582	5	13662	31794.3904	4593.2081	135	1
9_WTuntr_H3K27ac_rep_A_peak_18429_lociStitched	chr5	90413289	90463247	9	16502	32237.8974	5110.7034	136	1
8_WTuntr_H3K27ac_rep_A_peak_806_lociStitched	chr1	131071900	131097853	8	12352	31545.8715	4546.9656	137	1
5_WTuntr_H3K27ac_rep_A_peak_19563_lociStitched	chr6	6201200	6220998	5	16424	29784.1112	2882.5888	138	1
14_WTuntr_H3K27ac_rep_A_peak_12787_lociStitched	chr19	55095218	55150764	14	18873	35466.121	8676.2852	139	1
8_WTuntr_H3K27ac_rep_A_peak_7198_lociStitched	chr14	31407718	31436440	8	15091	32108.3238	5368.1418	140	1
5_WTuntr_H3K27ac_rep_A_peak_21869_lociStitched	chr7	80445066	80461199	5	12353	29728.2791	3002.3513	141	1
9_WTuntr_H3K27ac_rep_A_peak_19843_lociStitched	chr6	48541828	48602971	9	14142	36844.7718	10259.7954	142	1
9_WTuntr_H3K27ac_rep_A_peak_24124_lociStitched	chr8	126824068	126853016	9	16160	32002.014	5488.5408	143	1
6_WTuntr_H3K27ac_rep_A_peak_12350_lociStitched	chr19	29100889	29135110	6	14123	32725.5423	6252.1767	144	1
10_WTuntr_H3K27ac_rep_A_peak_17792_lociStitched	chr4	155558134	155579706	10	13810	30405.734	3941.2044	145	1
4_WTuntr_H3K27ac_rep_A_peak_10867_lociStitched	chr17	70823316	70854469	4	10642	31732.4458	5296.01	146	1
18_WTuntr_H3K27ac_rep_A_peak_15178_lociStitched	chr3	83002582	83053660	18	17230	33057.6816	6650.3556	147	1
8_WTuntr_H3K27ac_rep_A_peak_18847_lociStitched	chr5	120466708	120518182	8	14130	35877.378	9584.4588	148	1
12_WTuntr_H3K27ac_rep_A_peak_20595_lociStitched	chr6	119387946	119422582	12	19177	31650.3768	5479.4152	149	1
7_WTuntr_H3K27ac_rep_A_peak_3690_lociStitched	chr11	70646378	70713370	7	12596	37897.3744	11797.2912	150	1
12_WTuntr_H3K27ac_rep_A_peak_3911_lociStitched	chr11	80141420	80215597	12	16696	37874.7762	11808.9784	151	1
12_WTuntr_H3K27ac_rep_A_peak_7276_lociStitched	chr14	41095048	41117928	12	17193	28718.976	2731.872	152	1
8_WTuntr_H3K27ac_rep_A_peak_24161_lociStitched	chr8	128462122	128491445	8	19536	29639.6884	3671.2396	153	1
14_WTuntr_H3K27ac_rep_A_peak_7776_lociStitched	chr14	75786543	75846095	14	16010	35004.6656	9135.2768	154	1
13_WTuntr_H3K27ac_rep_A_peak_19700_lociStitched	chr6	31088788	31149511	13	16978	36373.077	10505.079	155	1
11_WTuntr_H3K27ac_rep_A_peak_7690_lociStitched	chr14	70329727	70355440	11	18384	30372.1956	4504.9176	156	1
5_WTuntr_H3K27ac_rep_A_peak_16570_lociStitched	chr4	82486249	82513650	5	11634	29472.5156	3644.333	157	1
10_WTuntr_H3K27ac_rep_A_peak_4408_lociStitched	chr11	102375127	102433682	10	12658	35917.637	10106.593	158	1
7_WTuntr_H3K27ac_rep_A_peak_4481_lociStitched	chr11	106486033	106537017	7	16764	34256.1496	8448.0488	159	1
10_WTuntr_H3K27ac_rep_A_peak_19488_lociStitched	chr5	148955389	149015849	10	16267	36342.506	10725.604	160	1
11_WTuntr_H3K27ac_rep_A_peak_3399_lociStitched	chr11	53758279	53806487	11	12952	34979.7248	9386.0976	161	1
7_WTuntr_H3K27ac_rep_A_peak_2990_lociStitched	chr11	5485570	5523760	7	16530	31976.487	6438.834	162	1
9_WTuntr_H3K27ac_rep_A_peak_20004_lociStitched	chr6	71167105	71203756	9	17666	30336.0327	4947.885	163	1
5_WTuntr_H3K27ac_rep_A_peak_19044_lociStitched	chr5	125388520	125413279	5	10899	29334.4632	3971.3436	164	1
7_WTuntr_H3K27ac_rep_A_peak_18799_lociStitched	chr5	115506700	115543992	7	12838	32932.5652	7693.3396	165	1
8_WTuntr_H3K27ac_rep_A_peak_628_lociStitched	chr1	88253068	88288940	8	11762	54127.2608	29235.68	166	1
8_WTuntr_H3K27ac_rep_A_peak_14489_lociStitched	chr2	163573867	163602850	8	16188	30191.5911	5338.6686	167	1
6_WTuntr_H3K27ac_rep_A_peak_3631_lociStitched	chr11	69394977	69419856	6	10013	29887.1427	5045.4612	168	1
7_WTuntr_H3K27ac_rep_A_peak_17651_lociStitched	chr4	149773137	149801064	7	16114	29705.9499	4864.8834	169	1
5_WTuntr_H3K27ac_rep_A_peak_2582_lociStitched	chr10	95757706	95781135	5	12042	28304.5749	3661.9527	170	1
5_WTuntr_H3K27ac_rep_A_peak_13276_lociStitched	chr2	31453840	31472783	5	12320	28164.4524	3618.113	171	1
3_WTuntr_H3K27ac_rep_A_peak_12301_lociStitched	chr19	23056349	23075051	3	12466	27087.9768	2728.6218	172	1
7_WTuntr_H3K27ac_rep_A_peak_16226_lociStitched	chr4	43378928	43424135	7	11951	32671.0989	8327.1294	173	1
3_WTuntr_H3K27ac_rep_A_peak_20441_lociStitched	chr6	108657952	108669020	3	8284	26215.6648	1978.9584	174	1
2_WTuntr_H3K27ac_rep_A_peak_10498_lociStitched	chr17	34118533	34123104	2	4249	25260.2602	1044.9306	175	1
12_WTuntr_H3K27ac_rep_A_peak_4305_lociStitched	chr11	100814828	100860917	12	12471	31681.5786	7553.9871	176	1
3_WTuntr_H3K27ac_rep_A_peak_21863_lociStitched	chr7	80386501	80404630	3	7015	27547.0155	3439.0713	177	1
4_WTuntr_H3K27ac_rep_A_peak_23800_lociStitched	chr8	111725451	111746345	4	13025	28409.5718	4314.611	178	1
7_WTuntr_H3K27ac_rep_A_peak_21176_lociStitched	chr7	16286367	16320958	7	7573	29616.8142	5586.4465	179	1
1_WTuntr_H3K27ac_rep_A_peak_25571_lociStitched	chrUn_JH584304	58976	60402	1	1427	35410.0042	11431.8142	180	1
4_WTuntr_H3K27ac_rep_A_peak_9669_lociStitched	chr16	38279410	38295950	4	13666	26887.424	2909.386	181	1
11_WTuntr_H3K27ac_rep_A_peak_13218_lociStitched	chr2	30171433	30215498	11	16732	31687.1415	7821.5375	182	1
4_WTuntr_H3K27ac_rep_A_peak_1829_lociStitched	chr10	42268483	42278657	4	8529	25834.8382	1972.7386	183	1
7_WTuntr_H3K27ac_rep_A_peak_15419_lociStitched	chr3	95650392	95676865	7	15754	28508.7737	4680.4264	184	1
5_WTuntr_H3K27ac_rep_A_peak_1323_lociStitched	chr1	178317210	178338915	5	7461	26221.8105	2402.7435	185	1
9_WTuntr_H3K27ac_rep_A_peak_23681_lociStitched	chr8	105798463	105827666	9	14329	28607.2588	4838.9371	186	1
6_WTuntr_H3K27ac_rep_A_peak_19224_lociStitched	chr5	137974382	137987280	6	9650	25329.0924	1591.6132	187	1
7_WTuntr_H3K27ac_rep_A_peak_4263_lociStitched	chr11	98935332	98965495	7	16501	29882.4841	6153.252	188	1
3_WTuntr_H3K27ac_rep_A_peak_24779_lociStitched	chr9	62340975	62349396	3	7329	25253.7369	1534.3062	189	1
3_WTuntr_H3K27ac_rep_A_peak_17713_lociStitched	chr4	150771877	150800997	3	12192	28665.728	4947.488	190	1
6_WTuntr_H3K27ac_rep_A_peak_8515_lociStitched	chr15	76688914	76725148	6	11259	31085.1486	7409.853	191	1
3_WTuntr_H3K27ac_rep_A_peak_11253_lociStitched	chr18	12859478	12869969	3	9765	25427.0367	1754.0952	192	1
6_WTuntr_H3K27ac_rep_A_peak_19085_lociStitched	chr5	130021119	130045266	6	10795	28189.2078	4532.3919	193	1
14_WTuntr_H3K27ac_rep_A_peak_874_lociStitched	chr1	133210372	133310795	14	19508	41695.6296	18066.0977	194	1
12_WTuntr_H3K27ac_rep_A_peak_12623_lociStitched	chr19	43752684	43798072	12	14869	29229.872	5614.4956	195	1
8_WTuntr_H3K27ac_rep_A_peak_9943_lociStitched	chr16	94525450	94571247	8	9327	31196.9164	7670.9975	196	1
5_WTuntr_H3K27ac_rep_A_peak_25087_lociStitched	chr9	78505852	78534322	5	12931	28344.732	4822.818	197	1
10_WTuntr_H3K27ac_rep_A_peak_8240_lociStitched	chr15	55112425	55154516	10	17930	30351.8201	6865.0421	198	1
4_WTuntr_H3K27ac_rep_A_peak_4857_lociStitched	chr11	120571367	120582436	4	9405	25871.5737	2388.6902	199	1
9_WTuntr_H3K27ac_rep_A_peak_2529_lociStitched	chr10	94035408	94081356	9	13012	30151.0776	6758.9508	200	1
7_WTuntr_H3K27ac_rep_A_peak_11726_lociStitched	chr18	65218195	65247215	7	13223	27885.318	4515.512	201	1
7_WTuntr_H3K27ac_rep_A_peak_21804_lociStitched	chr7	73575995	73619553	7	9963	29423.429	6154.7454	202	1
5_WTuntr_H3K27ac_rep_A_peak_16827_lociStitched	chr4	108114266	108137947	5	15722	26430.3641	3260.8737	203	1
3_WTuntr_H3K27ac_rep_A_peak_23459_lociStitched	chr8	85476169	85496084	3	10551	26068.735	2977.2925	204	1
6_WTuntr_H3K27ac_rep_A_peak_24283_lociStitched	chr9	21705899	21737509	6	12368	28717.685	5632.902	205	1
6_WTuntr_H3K27ac_rep_A_peak_16747_lociStitched	chr4	105185364	105224665	6	16009	30218.5389	7172.4325	206	1
5_WTuntr_H3K27ac_rep_A_peak_20230_lociStitched	chr6	88724197	88745634	5	11728	27510.1021	4471.7582	207	1
6_WTuntr_H3K27ac_rep_A_peak_3450_lociStitched	chr11	57962267	58011588	6	10465	30736.8472	7763.1254	208	1
4_WTuntr_H3K27ac_rep_A_peak_20664_lociStitched	chr6	121299734	121311978	4	10841	25109.9952	2152.4952	209	1
11_WTuntr_H3K27ac_rep_A_peak_7040_lociStitched	chr14	21095083	21116556	11	15323	25591.5214	2752.8386	210	1
5_WTuntr_H3K27ac_rep_A_peak_9431_lociStitched	chr16	24221260	24240702	5	12733	25923.9628	3205.9858	211	1
10_WTuntr_H3K27ac_rep_A_peak_2962_lociStitched	chr11	4093705	4135609	10	12978	30346.8768	7634.9088	212	1
13_WTuntr_H3K27ac_rep_A_peak_3315_lociStitched	chr11	50174382	50226254	13	16426	32072.4576	9383.6448	213	1
7_WTuntr_H3K27ac_rep_A_peak_1347_lociStitched	chr1	180209722	180230768	7	12290	26576.8888	3904.033	214	1
7_WTuntr_H3K27ac_rep_A_peak_23466_lociStitched	chr8	86593436	86626956	7	14087	27322.152	4712.912	215	1
13_WTuntr_H3K27ac_rep_A_peak_16357_lociStitched	chr4	53116005	53160236	13	16608	29714.3858	7147.7296	216	1
10_WTuntr_H3K27ac_rep_A_peak_6192_lociStitched	chr13	37846904	37904558	10	16072	31767.354	9305.3556	217	1
7_WTuntr_H3K27ac_rep_A_peak_17667_lociStitched	chr4	149988645	150013975	7	14768	27604.634	5154.655	218	1
5_WTuntr_H3K27ac_rep_A_peak_18125_lociStitched	chr5	43217322	43236260	5	6877	24825.8242	2386.188	219	1
4_WTuntr_H3K27ac_rep_A_peak_25443_lociStitched	chr9	114815631	114845001	4	11769	27628.359	5239.608	220	1
7_WTuntr_H3K27ac_rep_A_peak_15706_lociStitched	chr3	121255987	121292547	7	11614	27697.856	5345.072	221	1
7_WTuntr_H3K27ac_rep_A_peak_9395_lociStitched	chr16	23495923	23521205	7	14316	26308.4492	4052.7046	222	1
2_WTuntr_H3K27ac_rep_A_peak_12826_lociStitched	chr19	57358170	57378078	2	12177	25627.5684	3386.3508	223	1
3_WTuntr_H3K27ac_rep_A_peak_2084_lociStitched	chr10	71337041	71348768	3	10518	24566.8923	2330.1549	224	1
4_WTuntr_H3K27ac_rep_A_peak_8765_lociStitched	chr15	83148571	83173298	4	12327	27029.0837	4799.5107	225	1
9_WTuntr_H3K27ac_rep_A_peak_11635_lociStitched	chr18	60722230	60749083	9	13949	27709.6107	5491.4385	226	1
11_WTuntr_H3K27ac_rep_A_peak_9014_lociStitched	chr15	99833864	99876498	11	18720	29455.8306	7298.9408	227	1
3_WTuntr_H3K27ac_rep_A_peak_8587_lociStitched	chr15	78401648	78417130	3	10061	25440.0224	3300.7624	228	1
4_WTuntr_H3K27ac_rep_A_peak_16689_lociStitched	chr4	101342290	101374770	4	8221	26799.248	4764.816	229	1
8_WTuntr_H3K27ac_rep_A_peak_23517_lociStitched	chr8	91376874	91408963	8	13642	27095.9516	5098.9421	230	1
5_WTuntr_H3K27ac_rep_A_peak_23884_lociStitched	chr8	119422281	119441417	5	17151	26262.2464	4290.2912	231	1
7_WTuntr_H3K27ac_rep_A_peak_18954_lociStitched	chr5	123179132	123202493	7	9966	25617.6726	3674.6853	232	1
4_WTuntr_H3K27ac_rep_A_peak_9161_lociStitched	chr16	4878221	4897717	4	8102	25487.1208	3550.2216	233	1
5_WTuntr_H3K27ac_rep_A_peak_10875_lociStitched	chr17	71182888	71208879	5	13089	25822.0585	3885.6545	234	1
7_WTuntr_H3K27ac_rep_A_peak_14035_lociStitched	chr2	126522744	126557829	7	12058	26913.7035	4996.104	235	1
10_WTuntr_H3K27ac_rep_A_peak_17523_lociStitched	chr4	141506697	141573699	10	11281	33273.1932	11376.9396	236	1
8_WTuntr_H3K27ac_rep_A_peak_18096_lociStitched	chr5	36691709	36748697	8	15425	31206.6288	9328.9356	237	1
4_WTuntr_H3K27ac_rep_A_peak_3507_lociStitched	chr11	60203588	60225735	4	12219	26492.2414	4626.5083	238	1
6_WTuntr_H3K27ac_rep_A_peak_21767_lociStitched	chr7	68272285	68286785	6	12636	24039.55	2360.6	239	1
2_WTuntr_H3K27ac_rep_A_peak_4264_lociStitched	chr11	99040161	99048127	2	7585	23148.3994	1527.0822	240	1
4_WTuntr_H3K27ac_rep_A_peak_2250_lociStitched	chr10	80319834	80333681	4	9857	24301.485	2761.0918	241	1
5_WTuntr_H3K27ac_rep_A_peak_24555_lociStitched	chr9	46255560	46283432	5	12705	26773.8432	5259.4464	242	1
10_WTuntr_H3K27ac_rep_A_peak_17183_lociStitched	chr4	131867311	131921379	10	11899	30661.9628	9175.3396	243	1
7_WTuntr_H3K27ac_rep_A_peak_19131_lociStitched	chr5	134980291	135010510	7	10157	26662.2237	5261.1279	244	1
8_WTuntr_H3K27ac_rep_A_peak_13304_lociStitched	chr2	32395234	32425361	8	12223	27252.8842	5877.7777	245	1
6_WTuntr_H3K27ac_rep_A_peak_10753_lociStitched	chr17	56108854	56135079	6	9972	26998.6375	5635.7525	246	1
9_WTuntr_H3K27ac_rep_A_peak_4342_lociStitched	chr11	101350932	101391775	9	15824	27189.1851	6142.7872	247	1
8_WTuntr_H3K27ac_rep_A_peak_474_lociStitched	chr1	74375268	74398362	8	11038	25181.6976	4138.4448	248	1
4_WTuntr_H3K27ac_rep_A_peak_12770_lociStitched	chr19	53886506	53915647	4	13045	25477.9763	4592.6216	249	1
2_WTuntr_H3K27ac_rep_A_peak_10374_lociStitched	chr17	29485185	29493587	2	7953	22438.3812	1593.8594	250	1
6_WTuntr_H3K27ac_rep_A_peak_24017_lociStitched	chr8	123212334	123255099	6	9985	29178.5595	8347.728	251	1
8_WTuntr_H3K27ac_rep_A_peak_19035_lociStitched	chr5	125305869	125341514	8	11339	27689.036	6861.6625	252	1
9_WTuntr_H3K27ac_rep_A_peak_20055_lociStitched	chr6	72344727	72391254	9	13527	28972.3629	8179.4466	253	1
6_WTuntr_H3K27ac_rep_A_peak_17870_lociStitched	chr5	9028261	9056699	6	10516	23791.2308	3054.2412	254	1
4_WTuntr_H3K27ac_rep_A_peak_751_lociStitched	chr1	121326693	121350645	4	9462	23793.9168	3099.3888	255	1
6_WTuntr_H3K27ac_rep_A_peak_11404_lociStitched	chr18	35812689	35845452	6	10832	26895.1467	6238.0752	256	1
9_WTuntr_H3K27ac_rep_A_peak_23413_lociStitched	chr8	84760793	84800751	9	14139	27543.0494	6900.7466	257	1
6_WTuntr_H3K27ac_rep_A_peak_17987_lociStitched	chr5	30907224	30927478	6	11850	25260.7888	4619.9374	258	1
3_WTuntr_H3K27ac_rep_A_peak_6373_lociStitched	chr13	52972444	52982533	3	9359	22373.3664	1809.9666	259	1
2_WTuntr_H3K27ac_rep_A_peak_24472_lociStitched	chr9	43742943	43759667	2	9812	23871.8376	3338.1104	260	1
8_WTuntr_H3K27ac_rep_A_peak_16632_lociStitched	chr4	97746072	97779762	8	10617	25031.67	4534.674	261	1
6_WTuntr_H3K27ac_rep_A_peak_17577_lociStitched	chr4	144891456	144906887	6	10783	23578.568	3107.8034	262	1
4_WTuntr_H3K27ac_rep_A_peak_1127_lociStitched	chr1	160977911	160989551	4	9240	22426.788	2021.868	263	1
1_WTuntr_H3K27ac_rep_A_peak_19710_lociStitched	chr6	31215346	31222452	1	7107	21489.9652	1148.3296	264	1
4_WTuntr_H3K27ac_rep_A_peak_11911_lociStitched	chr19	3319039	3334039	4	7708	23328	3009	265	1
13_WTuntr_H3K27ac_rep_A_peak_2859_lociStitched	chr10	127935816	127970872	13	14444	25808.2272	5549.3648	266	1
2_WTuntr_H3K27ac_rep_A_peak_8618_lociStitched	chr15	79022355	79031235	2	8470	22231.08	2024.64	267	1
5_WTuntr_H3K27ac_rep_A_peak_23267_lociStitched	chr8	71366784	71405912	5	8657	27972.6072	7774.7336	268	1
9_WTuntr_H3K27ac_rep_A_peak_25163_lociStitched	chr9	95541946	95582420	9	12352	26032.8768	5856.5878	269	1
9_WTuntr_H3K27ac_rep_A_peak_15323_lociStitched	chr3	89890351	89913768	9	12321	24491.8403	4320.4365	270	1
10_WTuntr_H3K27ac_rep_A_peak_7906_lociStitched	chr15	3227001	3252521	10	11262	22881.232	2761.264	271	1
6_WTuntr_H3K27ac_rep_A_peak_25212_lociStitched	chr9	102717045	102736713	6	10102	23949.7236	3917.8656	272	1
10_WTuntr_H3K27ac_rep_A_peak_2514_lociStitched	chr10	93515156	93544793	10	12475	24468.3072	4454.4411	273	1
2_WTuntr_H3K27ac_rep_A_peak_23091_lociStitched	chr8	46733470	46743760	2	6110	21598.71	1711.227	274	1
4_WTuntr_H3K27ac_rep_A_peak_14604_lociStitched	chr2	167686299	167698560	4	8433	22269.6543	2404.3821	275	1
9_WTuntr_H3K27ac_rep_A_peak_21652_lociStitched	chr7	46827534	46847296	9	9257	23635.352	3839.7566	276	1
9_WTuntr_H3K27ac_rep_A_peak_377_lociStitched	chr1	67092760	67127808	9	11860	23478.6552	3690.5544	277	1
6_WTuntr_H3K27ac_rep_A_peak_6307_lociStitched	chr13	47169785	47203017	6	12009	25193.1792	5420.1392	278	1
2_WTuntr_H3K27ac_rep_A_peak_25350_lociStitched	chr9	108338806	108348673	2	9520	21444.9378	1722.7782	279	1
8_WTuntr_H3K27ac_rep_A_peak_4217_lociStitched	chr11	97799170	97823349	8	13429	24527.1776	4826.1284	280	1
9_WTuntr_H3K27ac_rep_A_peak_5362_lociStitched	chr12	75466982	75489465	9	10629	22500.9864	2803.6301	281	1
6_WTuntr_H3K27ac_rep_A_peak_14355_lociStitched	chr2	155356966	155383626	6	10473	23767.39	4076.314	282	1
4_WTuntr_H3K27ac_rep_A_peak_5768_lociStitched	chr12	108835334	108857871	4	10412	24116.8437	4433.0279	283	1
13_WTuntr_H3K27ac_rep_A_peak_24725_lociStitched	chr9	57664423	57726428	13	11888	28931.533	9288.349	284	1
3_WTuntr_H3K27ac_rep_A_peak_16466_lociStitched	chr4	62015156	62028634	3	12462	21076.8964	1456.9718	285	1
6_WTuntr_H3K27ac_rep_A_peak_16820_lociStitched	chr4	108062423	108083478	6	10495	22893.1015	3309.846	286	1
4_WTuntr_H3K27ac_rep_A_peak_5832_lociStitched	chr12	112094099	112112293	4	8283	22824.373	3314.9468	287	1
10_WTuntr_H3K27ac_rep_A_peak_23014_lociStitched	chr8	41101437	41135543	10	11697	24201.6176	4696.3962	288	1
6_WTuntr_H3K27ac_rep_A_peak_20311_lociStitched	chr6	91699474	91720147	6	13616	23244.7212	3748.0149	289	1
7_WTuntr_H3K27ac_rep_A_peak_20046_lociStitched	chr6	72215417	72245824	7	11420	25088.8157	5594.888	290	1
6_WTuntr_H3K27ac_rep_A_peak_13745_lociStitched	chr2	90904199	90941534	6	7558	24965.9145	5488.245	291	1
2_WTuntr_H3K27ac_rep_A_peak_24498_lociStitched	chr9	44478800	44491508	2	9550	21911.1336	2439.936	292	1
9_WTuntr_H3K27ac_rep_A_peak_20436_lociStitched	chr6	108425968	108471691	9	12780	26875.9794	7416.2706	293	1
7_WTuntr_H3K27ac_rep_A_peak_14265_lociStitched	chr2	148021985	148049077	7	13329	23391.2328	3955.432	294	1
2_WTuntr_H3K27ac_rep_A_peak_1479_lociStitched	chr1	190168239	190177035	2	8306	20936.2392	1615.8252	295	1
2_WTuntr_H3K27ac_rep_A_peak_5051_lociStitched	chr12	25092447	25111541	2	10395	22658.8498	3354.8158	296	1
4_WTuntr_H3K27ac_rep_A_peak_3834_lociStitched	chr11	77763231	77786959	4	12982	23493.0928	4204.6016	297	1
9_WTuntr_H3K27ac_rep_A_peak_11710_lociStitched	chr18	64608156	64661668	9	12429	27242.9592	7973.288	298	1
6_WTuntr_H3K27ac_rep_A_peak_21129_lociStitched	chr7	12961684	13010647	6	11142	27703.2654	8455.9101	299	1
3_WTuntr_H3K27ac_rep_A_peak_839_lociStitched	chr1	131988936	132010781	3	8823	22603.0215	3416.558	300	1
3_WTuntr_H3K27ac_rep_A_peak_7683_lociStitched	chr14	70191753	70210903	3	6514	22801.905	3632.755	301	1
10_WTuntr_H3K27ac_rep_A_peak_14694_lociStitched	chr2	173143115	173170252	10	9723	24146.5026	4979.6395	302	1
8_WTuntr_H3K27ac_rep_A_peak_20532_lociStitched	chr6	115647333	115677575	8	9136	23225.856	4067.549	303	1
12_WTuntr_H3K27ac_rep_A_peak_4677_lociStitched	chr11	116077319	116110590	12	12711	25033.1004	5875.6586	304	1
3_WTuntr_H3K27ac_rep_A_peak_10632_lociStitched	chr17	46015409	46032746	3	6739	22444.4802	3339.1062	305	1
5_WTuntr_H3K27ac_rep_A_peak_9830_lociStitched	chr16	78301143	78318439	5	8831	21955.5424	2891.8912	306	1
6_WTuntr_H3K27ac_rep_A_peak_18809_lociStitched	chr5	116407664	116448428	6	9740	25901.4456	6872.8104	307	1
8_WTuntr_H3K27ac_rep_A_peak_21208_lociStitched	chr7	19002578	19024994	8	16744	23010.024	4059.5376	308	1
7_WTuntr_H3K27ac_rep_A_peak_13704_lociStitched	chr2	84714483	84776305	7	11856	28580.3106	9631.8676	309	1
5_WTuntr_H3K27ac_rep_A_peak_20731_lociStitched	chr6	124903836	124931903	5	9461	23312.4502	4398.0989	310	1
9_WTuntr_H3K27ac_rep_A_peak_4868_lociStitched	chr11	120659308	120696288	9	13910	25693.704	6793.226	311	1
2_WTuntr_H3K27ac_rep_A_peak_14002_lociStitched	chr2	122234299	122244791	2	9934	20393.3004	1517.1432	312	1
6_WTuntr_H3K27ac_rep_A_peak_4967_lociStitched	chr12	8771005	8794628	6	11592	23429.2914	4599.3981	313	1
4_WTuntr_H3K27ac_rep_A_peak_8882_lociStitched	chr15	89169704	89181412	4	8615	21274.6068	2468.0464	314	1
4_WTuntr_H3K27ac_rep_A_peak_3893_lociStitched	chr11	79703992	79725608	4	11809	22796.2336	4065.9696	315	1
3_WTuntr_H3K27ac_rep_A_peak_11038_lociStitched	chr17	84864895	84880176	3	8252	21040.4089	2341.0492	316	1
13_WTuntr_H3K27ac_rep_A_peak_17260_lociStitched	chr4	133545642	133584597	13	10048	25340.2275	6669.096	317	1
7_WTuntr_H3K27ac_rep_A_peak_5884_lociStitched	chr13	4031803	4060864	7	12576	21757.9707	3089.1843	318	1
11_WTuntr_H3K27ac_rep_A_peak_6583_lociStitched	chr13	69610656	69654452	11	11492	25528.6884	6862.8332	319	1
9_WTuntr_H3K27ac_rep_A_peak_18703_lociStitched	chr5	112276716	112303069	9	13469	24300.1013	5686.9774	320	1
4_WTuntr_H3K27ac_rep_A_peak_13511_lociStitched	chr2	58741781	58758210	4	10228	20728.4693	2134.1271	321	1
1_WTuntr_H3K27ac_rep_A_peak_17906_lociStitched	chr5	23432028	23435955	1	3928	19403.6997	812.889	322	1
5_WTuntr_H3K27ac_rep_A_peak_4622_lociStitched	chr11	114849693	114867738	5	6424	21383.325	2802.3885	323	1
4_WTuntr_H3K27ac_rep_A_peak_4487_lociStitched	chr11	106554938	106589313	4	10439	25502.8125	6930	324	1
5_WTuntr_H3K27ac_rep_A_peak_4627_lociStitched	chr11	115162434	115187867	5	12012	23678.123	5188.332	325	1
11_WTuntr_H3K27ac_rep_A_peak_19418_lociStitched	chr5	145166696	145232980	11	13493	29675.3468	11195.3676	326	1
2_WTuntr_H3K27ac_rep_A_peak_22072_lociStitched	chr7	99962262	99980480	2	9323	21273.1586	2800.1066	327	1
3_WTuntr_H3K27ac_rep_A_peak_9081_lociStitched	chr15	102099845	102107037	3	6585	20020.3704	1554.9104	328	1
2_WTuntr_H3K27ac_rep_A_peak_17358_lociStitched	chr4	136133769	136149209	2	13440	21084.864	2734.424	329	1
7_WTuntr_H3K27ac_rep_A_peak_11857_lociStitched	chr18	80253204	80272659	7	8323	21758.472	3410.4615	330	1
10_WTuntr_H3K27ac_rep_A_peak_11239_lociStitched	chr18	12782001	12811478	10	13619	22832.8842	4507.0333	331	1
7_WTuntr_H3K27ac_rep_A_peak_6009_lociStitched	chr13	23804031	23840253	7	11925	22982.859	4687.1268	332	1
17_WTuntr_H3K27ac_rep_A_peak_20356_lociStitched	chr6	94640536	94701542	17	11844	28215.275	9956.1792	333	1
10_WTuntr_H3K27ac_rep_A_peak_13089_lociStitched	chr2	26571175	26604902	10	13327	24374.5029	6124.8232	334	1
11_WTuntr_H3K27ac_rep_A_peak_9734_lociStitched	chr16	45944867	45991701	11	14573	24255.3286	6060.3196	335	1
6_WTuntr_H3K27ac_rep_A_peak_16945_lociStitched	chr4	118122085	118145263	6	9980	22088.634	3933.3066	336	1
6_WTuntr_H3K27ac_rep_A_peak_10680_lociStitched	chr17	47436487	47474261	6	12437	25236.8094	7093.9572	337	1
7_WTuntr_H3K27ac_rep_A_peak_20041_lociStitched	chr6	72139770	72164842	7	10841	22354.1952	4277.2832	338	1
5_WTuntr_H3K27ac_rep_A_peak_10762_lociStitched	chr17	56162534	56186545	5	10125	22860.8731	4785.3923	339	1
5_WTuntr_H3K27ac_rep_A_peak_7393_lociStitched	chr14	51928900	51944380	5	8014	20538.864	2521.692	340	1
9_WTuntr_H3K27ac_rep_A_peak_2837_lociStitched	chr10	127736601	127776892	9	13291	24650.0338	6635.9277	341	1
8_WTuntr_H3K27ac_rep_A_peak_21144_lociStitched	chr7	14517857	14536625	8	9389	20017.9488	2030.6976	342	1
4_WTuntr_H3K27ac_rep_A_peak_2470_lociStitched	chr10	89504274	89534539	4	7890	21757.5085	3774.0455	343	1
11_WTuntr_H3K27ac_rep_A_peak_23076_lociStitched	chr8	46469943	46513841	11	13827	25175.503	7194.8822	344	1
5_WTuntr_H3K27ac_rep_A_peak_7390_lociStitched	chr14	51898951	51914786	5	7638	20805.6065	2834.465	345	1
4_WTuntr_H3K27ac_rep_A_peak_16939_lociStitched	chr4	117976967	118001501	4	13449	22671.8694	4712.9814	346	1
9_WTuntr_H3K27ac_rep_A_peak_17397_lociStitched	chr4	137764402	137796322	9	11447	23863.392	5905.2	347	1
10_WTuntr_H3K27ac_rep_A_peak_1246_lociStitched	chr1	171203226	171248087	10	10630	25902.7414	7949.3692	348	1
12_WTuntr_H3K27ac_rep_A_peak_5599_lociStitched	chr12	99391582	99445474	12	9291	26665.7616	8719.7256	349	1
5_WTuntr_H3K27ac_rep_A_peak_4693_lociStitched	chr11	116194680	116219864	5	13052	22446.4992	4515.4912	350	1
6_WTuntr_H3K27ac_rep_A_peak_9497_lociStitched	chr16	30252450	30267837	6	11276	20672.4345	2758.8891	351	1
5_WTuntr_H3K27ac_rep_A_peak_13652_lociStitched	chr2	75702526	75731850	5	5853	21834.6504	3926.4836	352	1
6_WTuntr_H3K27ac_rep_A_peak_916_lociStitched	chr1	134060505	134099886	6	10273	25739.4216	7844.6952	353	1
8_WTuntr_H3K27ac_rep_A_peak_5059_lociStitched	chr12	25219975	25267274	8	11251	26094.8583	8225.2961	354	1
8_WTuntr_H3K27ac_rep_A_peak_3228_lociStitched	chr11	35950266	35980640	8	12228	22865.5472	5014.7474	355	1
4_WTuntr_H3K27ac_rep_A_peak_21180_lociStitched	chr7	16399094	16421090	4	9102	22055.3892	4289.22	356	1
13_WTuntr_H3K27ac_rep_A_peak_19537_lociStitched	chr5	151141728	151195914	13	9875	26171.838	8420.5044	357	1
1_WTuntr_H3K27ac_rep_A_peak_622_lociStitched	chr1	88211624	88214935	1	3312	20460.9867	2770.9759	358	1
8_WTuntr_H3K27ac_rep_A_peak_18877_lociStitched	chr5	121582164	121598131	8	8218	20824.1614	3156.6759	359	1
5_WTuntr_H3K27ac_rep_A_peak_10992_lociStitched	chr17	83833618	83847717	5	10984	20177.0789	2580.117	360	1
3_WTuntr_H3K27ac_rep_A_peak_8871_lociStitched	chr15	89075186	89090840	3	8883	20722.7652	3130.8	361	1
9_WTuntr_H3K27ac_rep_A_peak_20160_lociStitched	chr6	85904745	85937872	9	12007	22698.6204	5157.8739	362	1
1_WTuntr_H3K27ac_rep_A_peak_16248_lociStitched	chr4	44065601	44073522	1	7922	19179.1173	1644.3996	363	1
5_WTuntr_H3K27ac_rep_A_peak_22410_lociStitched	chr7	127800632	127816805	5	10477	20586.6117	3058.3143	364	1
6_WTuntr_H3K27ac_rep_A_peak_8830_lociStitched	chr15	85768378	85788408	6	10039	20594.846	3100.644	365	1
7_WTuntr_H3K27ac_rep_A_peak_8715_lociStitched	chr15	82338483	82362526	7	10449	22162.8374	4678.7678	366	1
2_WTuntr_H3K27ac_rep_A_peak_10661_lociStitched	chr17	46725010	46736851	2	8724	19836.0432	2365.8318	367	1
2_WTuntr_H3K27ac_rep_A_peak_11501_lociStitched	chr18	39485331	39492068	2	6213	18480.9384	1036.1506	368	1
9_WTuntr_H3K27ac_rep_A_peak_11920_lociStitched	chr19	3666951	3719748	9	9408	27237.9723	9820.242	369	1
7_WTuntr_H3K27ac_rep_A_peak_4557_lociStitched	chr11	109701150	109733581	7	6706	22429.2796	5036.5343	370	1
5_WTuntr_H3K27ac_rep_A_peak_17309_lociStitched	chr4	134914165	134931425	5	8102	20411.676	3042.938	371	1
4_WTuntr_H3K27ac_rep_A_peak_17675_lociStitched	chr4	150219855	150238870	4	8088	20595.1465	3272.4815	372	1
10_WTuntr_H3K27ac_rep_A_peak_7646_lociStitched	chr14	66110466	66148129	10	11915	23332.2285	6014.7811	373	1
4_WTuntr_H3K27ac_rep_A_peak_16215_lociStitched	chr4	41740393	41761421	4	7383	21156.2708	3858.638	374	1
5_WTuntr_H3K27ac_rep_A_peak_22388_lociStitched	chr7	127232657	127278344	5	11294	25374.5598	8077.4616	375	1
6_WTuntr_H3K27ac_rep_A_peak_173_lociStitched	chr1	40155631	40180155	6	11467	21034.2348	3855.1728	376	1
3_WTuntr_H3K27ac_rep_A_peak_6331_lociStitched	chr13	49179118	49192709	3	6619	20007.3111	2892.1648	377	1
7_WTuntr_H3K27ac_rep_A_peak_5377_lociStitched	chr12	76254207	76281375	7	10261	21584.976	4477.2864	378	1
5_WTuntr_H3K27ac_rep_A_peak_7736_lociStitched	chr14	73373652	73389142	5	7835	19232.384	2150.012	379	1
4_WTuntr_H3K27ac_rep_A_peak_3353_lociStitched	chr11	51851754	51860508	4	5663	18585.6174	1538.0778	380	1
3_WTuntr_H3K27ac_rep_A_peak_11793_lociStitched	chr18	74763994	74782605	3	9753	19807.6873	2774.9001	381	1
1_WTuntr_H3K27ac_rep_A_peak_22269_lociStitched	chr7	119521188	119529890	1	8703	18356.869	1346.1994	382	1
5_WTuntr_H3K27ac_rep_A_peak_21107_lociStitched	chr7	6151599	6175334	5	8765	21216.7165	4217.7095	383	1
2_WTuntr_H3K27ac_rep_A_peak_4881_lociStitched	chr11	120821444	120832963	2	7439	19356.5276	2376.3697	384	1
6_WTuntr_H3K27ac_rep_A_peak_22710_lociStitched	chr8	10853868	10912536	6	9751	27057.6816	10090.896	385	1
12_WTuntr_H3K27ac_rep_A_peak_14575_lociStitched	chr2	167318004	167354022	12	13396	23415.3018	6533.6652	386	1
5_WTuntr_H3K27ac_rep_A_peak_4396_lociStitched	chr11	102284919	102320703	5	8654	23420.628	6587.8344	387	1
3_WTuntr_H3K27ac_rep_A_peak_14616_lociStitched	chr2	167760252	167782034	3	10590	21117.649	4286.6976	388	1
7_WTuntr_H3K27ac_rep_A_peak_1157_lociStitched	chr1	164148693	164163903	7	9213	18758.493	1945.359	389	1
5_WTuntr_H3K27ac_rep_A_peak_20506_lociStitched	chr6	114864607	114897035	5	14786	23367.6168	6689.8964	390	1
4_WTuntr_H3K27ac_rep_A_peak_18825_lociStitched	chr5	117356593	117375468	4	9508	20181.15	3580.5875	391	1
3_WTuntr_H3K27ac_rep_A_peak_11491_lociStitched	chr18	39361199	39381559	3	8107	20292.812	3711.628	392	1
4_WTuntr_H3K27ac_rep_A_peak_7015_lociStitched	chr14	20208053	20242846	4	9033	22177.0582	5598.1937	393	1
4_WTuntr_H3K27ac_rep_A_peak_10050_lociStitched	chr17	12377595	12388339	4	9497	18092.896	1524.5736	394	1
5_WTuntr_H3K27ac_rep_A_peak_3452_lociStitched	chr11	58092508	58104806	5	9317	18820.8592	2294.8068	395	1
3_WTuntr_H3K27ac_rep_A_peak_16255_lociStitched	chr4	44976148	44985125	3	8130	18226.0031	1711.9139	396	1
6_WTuntr_H3K27ac_rep_A_peak_20695_lociStitched	chr6	124477588	124513429	6	8841	22354.0317	5842.083	397	1
5_WTuntr_H3K27ac_rep_A_peak_15720_lociStitched	chr3	121416615	121449014	5	5983	22041.0397	5543.4689	398	1
5_WTuntr_H3K27ac_rep_A_peak_25228_lociStitched	chr9	103227994	103243760	5	8926	18985.4172	2495.7578	399	1
4_WTuntr_H3K27ac_rep_A_peak_11981_lociStitched	chr19	4496729	4521968	4	6320	20511.7353	4048.3356	400	1
1_WTuntr_H3K27ac_rep_A_peak_9303_lociStitched	chr16	18080974	18089834	1	8861	18174.518	1749.85	401	1
3_WTuntr_H3K27ac_rep_A_peak_16140_lociStitched	chr4	33246781	33262079	3	4674	18640.613	2219.7398	402	1
1_WTuntr_H3K27ac_rep_A_peak_8887_lociStitched	chr15	89373190	89379528	1	6339	17762.245	1367.1066	403	1
9_WTuntr_H3K27ac_rep_A_peak_18419_lociStitched	chr5	89447353	89468951	9	11444	18718.9866	2371.4604	404	1
7_WTuntr_H3K27ac_rep_A_peak_23409_lociStitched	chr8	84687363	84726668	7	11733	23696.9845	7389.34	405	1
5_WTuntr_H3K27ac_rep_A_peak_3382_lociStitched	chr11	53447474	53463094	5	10023	19311.006	3005.288	406	1
7_WTuntr_H3K27ac_rep_A_peak_8045_lociStitched	chr15	25622578	25663877	7	8675	24052.5376	7780.7316	407	1
4_WTuntr_H3K27ac_rep_A_peak_16334_lociStitched	chr4	49544874	49560823	4	9639	18221.7325	1990.4352	408	1
3_WTuntr_H3K27ac_rep_A_peak_14736_lociStitched	chr2	180699510	180710973	3	6056	18269.7294	2061.0474	409	1
3_WTuntr_H3K27ac_rep_A_peak_22953_lociStitched	chr8	35405417	35418721	3	8466	18528.4808	2349.4864	410	1
2_WTuntr_H3K27ac_rep_A_peak_13142_lociStitched	chr2	27621294	27640384	2	7124	19813.511	3651.917	411	1
6_WTuntr_H3K27ac_rep_A_peak_7181_lociStitched	chr14	30921091	30951786	6	9415	21765.8245	5641.741	412	1
5_WTuntr_H3K27ac_rep_A_peak_15373_lociStitched	chr3	94679665	94695806	5	14357	18617.0294	2495.3986	413	1
5_WTuntr_H3K27ac_rep_A_peak_1445_lociStitched	chr1	184867427	184883299	5	7849	19194.0096	3072.8192	414	1
2_WTuntr_H3K27ac_rep_A_peak_23094_lociStitched	chr8	46829005	46845865	2	10421	19011.336	2898.234	415	1
3_WTuntr_H3K27ac_rep_A_peak_2588_lociStitched	chr10	95835892	95847177	3	8007	17310.0615	1199.5955	416	1
3_WTuntr_H3K27ac_rep_A_peak_9489_lociStitched	chr16	30062878	30070966	3	5436	17631.84	1523.7792	417	1
8_WTuntr_H3K27ac_rep_A_peak_12410_lociStitched	chr19	32525875	32552605	8	7584	20076.903	4009.5	418	1
5_WTuntr_H3K27ac_rep_A_peak_18652_lociStitched	chr5	108659832	108676598	5	7832	19021.027	2965.9054	419	1
10_WTuntr_H3K27ac_rep_A_peak_2882_lociStitched	chr10	128193918	128212390	10	9170	19288.4624	3323.1128	420	1
8_WTuntr_H3K27ac_rep_A_peak_10239_lociStitched	chr17	26497548	26523992	8	8822	20346.0136	4402.926	421	1
6_WTuntr_H3K27ac_rep_A_peak_17729_lociStitched	chr4	151988406	152039942	6	10222	25371.1728	9462.0096	422	1
3_WTuntr_H3K27ac_rep_A_peak_24121_lociStitched	chr8	126804062	126809719	3	4765	17030.3985	1128.0058	423	1
5_WTuntr_H3K27ac_rep_A_peak_8400_lociStitched	chr15	67145664	67177660	5	9897	21123.7592	5276.1404	424	1
6_WTuntr_H3K27ac_rep_A_peak_23400_lociStitched	chr8	84638870	84665416	6	7919	20042.23	4196.9226	425	1
4_WTuntr_H3K27ac_rep_A_peak_6956_lociStitched	chr14	8242686	8260445	4	6498	19241.8765	3406.1762	426	1
5_WTuntr_H3K27ac_rep_A_peak_6167_lociStitched	chr13	37618731	37638442	5	9581	19245.8204	3413.9452	427	1
4_WTuntr_H3K27ac_rep_A_peak_5228_lociStitched	chr12	57534905	57546913	4	8536	17680.5792	1878.0512	428	1
6_WTuntr_H3K27ac_rep_A_peak_22805_lociStitched	chr8	22385270	22411906	6	10053	20062.2352	4261.76	429	1
4_WTuntr_H3K27ac_rep_A_peak_16471_lociStitched	chr4	62082312	62095142	4	9147	16634.095	895.534	430	1
9_WTuntr_H3K27ac_rep_A_peak_2436_lociStitched	chr10	87884436	87927808	9	16952	20896.6296	5256.6864	431	1
6_WTuntr_H3K27ac_rep_A_peak_2807_lociStitched	chr10	127138033	127167944	6	7575	20225.8182	4600.3118	432	1
4_WTuntr_H3K27ac_rep_A_peak_13054_lociStitched	chr2	26118320	26141108	4	7861	19868.8572	4245.4044	433	1
6_WTuntr_H3K27ac_rep_A_peak_15259_lociStitched	chr3	88408813	88425787	6	7932	18747.783	3136.7952	434	1
10_WTuntr_H3K27ac_rep_A_peak_12568_lociStitched	chr19	40463765	40514165	10	11204	24358.32	8749.44	435	1
6_WTuntr_H3K27ac_rep_A_peak_20941_lociStitched	chr6	141855068	141877387	6	9565	17748.0688	2156.0154	436	1
3_WTuntr_H3K27ac_rep_A_peak_13115_lociStitched	chr2	27243912	27251152	3	6172	17067.576	1476.236	437	1
4_WTuntr_H3K27ac_rep_A_peak_9439_lociStitched	chr16	24392116	24404280	4	5941	17945.5492	2356.1668	438	1
7_WTuntr_H3K27ac_rep_A_peak_23641_lociStitched	chr8	105066654	105105928	7	15308	20524.5924	4936.7418	439	1
3_WTuntr_H3K27ac_rep_A_peak_18229_lociStitched	chr5	64802480	64813239	3	6777	17453.2498	1876.3696	440	1
4_WTuntr_H3K27ac_rep_A_peak_21577_lociStitched	chr7	44848615	44870536	4	6846	20011.6809	4463.1156	441	1
4_WTuntr_H3K27ac_rep_A_peak_12456_lociStitched	chr19	34744146	34759438	4	5845	17434.4092	1902.3248	442	1
2_WTuntr_H3K27ac_rep_A_peak_12513_lociStitched	chr19	38120821	38127134	2	5875	16396.7549	877.507	443	1
1_WTuntr_H3K27ac_rep_A_peak_16610_lociStitched	chr4	95050299	95053942	1	3644	16405.1576	891.0778	444	1
6_WTuntr_H3K27ac_rep_A_peak_4361_lociStitched	chr11	101645886	101684157	6	8204	21492.9936	6016.2012	445	1
6_WTuntr_H3K27ac_rep_A_peak_3750_lociStitched	chr11	74821383	74838954	6	7032	18723.6576	3284.0199	446	1
9_WTuntr_H3K27ac_rep_A_peak_16551_lociStitched	chr4	82379956	82412603	9	10896	20058.3168	4626.0799	447	1
3_WTuntr_H3K27ac_rep_A_peak_24463_lociStitched	chr9	43257990	43265783	3	6026	16850.8039	1434.6913	448	1
9_WTuntr_H3K27ac_rep_A_peak_12423_lociStitched	chr19	32619498	32669795	9	9823	22321.8086	6951.0454	449	1
2_WTuntr_H3K27ac_rep_A_peak_18775_lociStitched	chr5	114964347	114971577	2	5788	16738.896	1380.93	450	1
6_WTuntr_H3K27ac_rep_A_peak_3580_lociStitched	chr11	63897110	63923787	6	6759	20255.8461	4911.2357	451	1
3_WTuntr_H3K27ac_rep_A_peak_13332_lociStitched	chr2	32700036	32716030	3	8412	18477.8682	3149.2186	452	1
3_WTuntr_H3K27ac_rep_A_peak_12974_lociStitched	chr2	18047100	18065886	3	6763	17655.0828	2342.6142	453	1
5_WTuntr_H3K27ac_rep_A_peak_10725_lociStitched	chr17	53566117	53589063	5	8201	18595.4384	3327.17	454	1
5_WTuntr_H3K27ac_rep_A_peak_15064_lociStitched	chr3	60081955	60104481	5	7449	17831.5816	2567.964	455	1
4_WTuntr_H3K27ac_rep_A_peak_22946_lociStitched	chr8	35205252	35219025	4	8532	17694.1731	2450.2167	456	1
6_WTuntr_H3K27ac_rep_A_peak_2036_lociStitched	chr10	68262594	68283242	6	8317	18174.3696	2932.016	457	1
5_WTuntr_H3K27ac_rep_A_peak_21393_lociStitched	chr7	28808006	28826567	5	6199	18750.3222	3517.3095	458	1
6_WTuntr_H3K27ac_rep_A_peak_17858_lociStitched	chr5	8893114	8905115	6	8008	16756.9963	1530.1275	459	1
3_WTuntr_H3K27ac_rep_A_peak_11723_lociStitched	chr18	65091759	65103618	3	10047	17302.281	2085.9981	460	1
4_WTuntr_H3K27ac_rep_A_peak_6150_lociStitched	chr13	37450931	37468706	4	8268	18510.885	3295.485	461	1
4_WTuntr_H3K27ac_rep_A_peak_716_lociStitched	chr1	105971468	105994002	4	8218	18335.9158	3143.493	462	1
1_WTuntr_H3K27ac_rep_A_peak_11996_lociStitched	chr19	4715688	4722470	1	6783	16552.8274	1376.0678	463	1
4_WTuntr_H3K27ac_rep_A_peak_3854_lociStitched	chr11	78163883	78189534	4	7133	19792.3116	4617.18	464	1
4_WTuntr_H3K27ac_rep_A_peak_8345_lociStitched	chr15	59772090	59787441	4	7999	17988.3018	2826.1191	465	1
2_WTuntr_H3K27ac_rep_A_peak_5462_lociStitched	chr12	81185045	81190709	2	5254	16230.7584	1076.16	466	1
3_WTuntr_H3K27ac_rep_A_peak_22554_lociStitched	chr7	140902292	140915519	3	8573	17528.4204	2382.1827	467	1
5_WTuntr_H3K27ac_rep_A_peak_8271_lociStitched	chr15	57880241	57893005	5	7644	17232.6764	2100.9544	468	1
8_WTuntr_H3K27ac_rep_A_peak_11696_lociStitched	chr18	64325155	64351400	8	10599	18872.7795	3745.1615	469	1
8_WTuntr_H3K27ac_rep_A_peak_3969_lociStitched	chr11	84166645	84199801	8	9582	18908.8668	3786.4152	470	1
2_WTuntr_H3K27ac_rep_A_peak_22746_lociStitched	chr8	13024642	13040484	2	7534	18264.2418	3204.8366	471	1
7_WTuntr_H3K27ac_rep_A_peak_5208_lociStitched	chr12	55463924	55493749	7	9308	20823.815	5768.155	472	1
9_WTuntr_H3K27ac_rep_A_peak_21966_lociStitched	chr7	90019840	90061782	9	9545	20824.203	5800.5786	473	1
1_WTuntr_H3K27ac_rep_A_peak_12469_lociStitched	chr19	34876127	34880756	1	4630	15754.3386	736.4739	474	1
10_WTuntr_H3K27ac_rep_A_peak_8568_lociStitched	chr15	77815612	77855911	10	9033	22108.0314	7096.6539	475	1
5_WTuntr_H3K27ac_rep_A_peak_21141_lociStitched	chr7	14434194	14446650	5	10514	16145.4672	1153.4256	476	1
4_WTuntr_H3K27ac_rep_A_peak_33_lociStitched	chr1	13655521	13679246	4	9503	17777.1425	2790.06	477	1
4_WTuntr_H3K27ac_rep_A_peak_2894_lociStitched	chr10	128253047	128271629	4	6432	17920.4808	2943.3888	478	1
3_WTuntr_H3K27ac_rep_A_peak_641_lociStitched	chr1	91052684	91065809	3	7781	17780.4375	2816.625	479	1
7_WTuntr_H3K27ac_rep_A_peak_4102_lociStitched	chr11	90342657	90388982	7	9535	22986.465	8065.1825	480	1
3_WTuntr_H3K27ac_rep_A_peak_3618_lociStitched	chr11	69088261	69099975	3	6383	17194.9806	2288.9156	481	1
2_WTuntr_H3K27ac_rep_A_peak_18815_lociStitched	chr5	117114873	117121567	2	6398	15999.9988	1094.469	482	1
6_WTuntr_H3K27ac_rep_A_peak_17342_lociStitched	chr4	135946054	135972887	6	9555	20087.1838	5189.5022	483	1
6_WTuntr_H3K27ac_rep_A_peak_19133_lociStitched	chr5	135078009	135110668	6	6565	20088.5509	5254.8331	484	1
2_WTuntr_H3K27ac_rep_A_peak_5628_lociStitched	chr12	101081871	101093551	2	7131	16376.528	1600.16	485	1
6_WTuntr_H3K27ac_rep_A_peak_19031_lociStitched	chr5	125163737	125180397	6	9635	18007.794	3237.038	486	1
3_WTuntr_H3K27ac_rep_A_peak_2611_lociStitched	chr10	99261007	99271183	3	5846	16604.1792	1834.7328	487	1
6_WTuntr_H3K27ac_rep_A_peak_1998_lociStitched	chr10	67083303	67108488	6	7148	19092.7485	4349.4495	488	1
5_WTuntr_H3K27ac_rep_A_peak_7014_lociStitched	chr14	20161682	20190604	5	8968	19967.7488	5266.6962	489	1
2_WTuntr_H3K27ac_rep_A_peak_837_lociStitched	chr1	131962947	131973666	2	6650	16843.8366	2203.8264	490	1
12_WTuntr_H3K27ac_rep_A_peak_7796_lociStitched	chr14	76797062	76837557	12	9547	20486.4205	5855.577	491	1
4_WTuntr_H3K27ac_rep_A_peak_8927_lociStitched	chr15	96696406	96717256	4	7090	17903.895	3296.385	492	1
5_WTuntr_H3K27ac_rep_A_peak_4074_lociStitched	chr11	88998953	89025330	5	7417	19281.587	4697.7437	493	1
4_WTuntr_H3K27ac_rep_A_peak_6087_lociStitched	chr13	34037313	34055896	4	6143	17750.4816	3188.8428	494	1
8_WTuntr_H3K27ac_rep_A_peak_21906_lociStitched	chr7	81570863	81596938	8	9860	18654.055	4101.5975	495	1
2_WTuntr_H3K27ac_rep_A_peak_5456_lociStitched	chr12	80964919	80977166	2	6355	16535.8994	2013.4068	496	1
3_WTuntr_H3K27ac_rep_A_peak_24355_lociStitched	chr9	31278842	31302908	3	5387	18287.7534	3766.329	497	1
6_WTuntr_H3K27ac_rep_A_peak_25274_lociStitched	chr9	106428975	106454026	6	7036	19156.4997	4649.4656	498	1
3_WTuntr_H3K27ac_rep_A_peak_17406_lociStitched	chr4	137855593	137868344	3	7105	16969.0308	2478.7944	499	1
6_WTuntr_H3K27ac_rep_A_peak_15403_lociStitched	chr3	95277521	95297872	6	8785	18153.092	3714.0575	500	1
5_WTuntr_H3K27ac_rep_A_peak_23699_lociStitched	chr8	106129806	106150756	5	7346	18006.525	3580.355	501	1
7_WTuntr_H3K27ac_rep_A_peak_19238_lociStitched	chr5	138075472	138090306	7	7645	16599.246	2179.1146	502	1
9_WTuntr_H3K27ac_rep_A_peak_23197_lociStitched	chr8	70192970	70220985	9	9150	19711.354	5300.438	503	1
4_WTuntr_H3K27ac_rep_A_peak_10293_lociStitched	chr17	27817982	27840415	4	6312	18188.6764	3779.9605	504	1
6_WTuntr_H3K27ac_rep_A_peak_22859_lociStitched	chr8	25596787	25616323	6	7980	17086.1856	2682.2928	505	1
6_WTuntr_H3K27ac_rep_A_peak_22513_lociStitched	chr7	138902009	138920258	6	7657	17263.554	2861.4432	506	1
9_WTuntr_H3K27ac_rep_A_peak_14312_lociStitched	chr2	152804836	152831692	9	9656	19005.9912	4627.2888	507	1
1_WTuntr_H3K27ac_rep_A_peak_23240_lociStitched	chr8	70696300	70700468	1	4169	15183.6072	812.3432	508	1
5_WTuntr_H3K27ac_rep_A_peak_12890_lociStitched	chr2	4987222	5001877	5	7765	16932.387	2571.9525	509	1
7_WTuntr_H3K27ac_rep_A_peak_21773_lociStitched	chr7	70350872	70370150	7	9397	16850.8998	2508.0678	510	1
7_WTuntr_H3K27ac_rep_A_peak_23943_lociStitched	chr8	121561411	121591459	7	9105	19993.9392	5691.0912	511	1
9_WTuntr_H3K27ac_rep_A_peak_18199_lociStitched	chr5	63812047	63848222	9	7788	19436.8275	5140.4675	512	1
9_WTuntr_H3K27ac_rep_A_peak_3284_lociStitched	chr11	49237269	49268173	9	11117	19191.384	4963.1824	513	1
9_WTuntr_H3K27ac_rep_A_peak_15734_lociStitched	chr3	121851824	121880954	9	11244	17938.254	3711.162	514	1
6_WTuntr_H3K27ac_rep_A_peak_1510_lociStitched	chr1	191414284	191446735	6	6902	19626.3648	5406.3366	515	1
2_WTuntr_H3K27ac_rep_A_peak_9657_lociStitched	chr16	37567205	37584681	2	6294	16680.842	2483.3396	516	1
3_WTuntr_H3K27ac_rep_A_peak_16809_lociStitched	chr4	107299257	107314741	3	8108	16863.6244	2705.0548	517	1
9_WTuntr_H3K27ac_rep_A_peak_23978_lociStitched	chr8	122280971	122331332	9	10966	24374.724	10218.2469	518	1
1_WTuntr_H3K27ac_rep_A_peak_20189_lociStitched	chr6	86524769	86527885	1	3117	14722.1652	566.4888	519	1
4_WTuntr_H3K27ac_rep_A_peak_25062_lociStitched	chr9	77909920	77922498	4	7317	16226.8778	2091.7214	520	1
3_WTuntr_H3K27ac_rep_A_peak_11877_lociStitched	chr18	84081956	84092474	3	6499	16002.0852	1885.8774	521	1
7_WTuntr_H3K27ac_rep_A_peak_17632_lociStitched	chr4	149078220	149104487	7	7739	18510.3549	4399.7225	522	1
4_WTuntr_H3K27ac_rep_A_peak_20245_lociStitched	chr6	90319850	90334546	4	6533	16844.5552	2742.2736	523	1
5_WTuntr_H3K27ac_rep_A_peak_10475_lociStitched	chr17	33759943	33781568	5	6886	17215.6625	3120.4875	524	1
3_WTuntr_H3K27ac_rep_A_peak_17439_lociStitched	chr4	138967058	138980056	3	8235	16354.0836	2320.143	525	1
5_WTuntr_H3K27ac_rep_A_peak_16706_lociStitched	chr4	102557815	102585720	5	8623	17783.8565	3758.8035	526	1
5_WTuntr_H3K27ac_rep_A_peak_4729_lociStitched	chr11	117266359	117285827	5	8011	17906.6664	3883.866	527	1
4_WTuntr_H3K27ac_rep_A_peak_3065_lociStitched	chr11	16738729	16756307	4	13073	16382.696	2373.03	528	1
4_WTuntr_H3K27ac_rep_A_peak_6484_lociStitched	chr13	62879724	62893995	4	8444	16314.6072	2326.173	529	1
4_WTuntr_H3K27ac_rep_A_peak_2475_lociStitched	chr10	89623704	89637626	4	9457	16185.7172	2202.4604	530	1
6_WTuntr_H3K27ac_rep_A_peak_3376_lociStitched	chr11	53417603	53431749	6	6574	16506.9674	2532.134	531	1
7_WTuntr_H3K27ac_rep_A_peak_64_lociStitched	chr1	21304529	21329183	7	10670	16814.028	2859.864	532	1
4_WTuntr_H3K27ac_rep_A_peak_15681_lociStitched	chr3	116950096	116969817	4	8171	16743.129	2808.2704	533	1
6_WTuntr_H3K27ac_rep_A_peak_15156_lociStitched	chr3	81974646	81996098	6	8891	16513.7496	2580.6756	534	1
9_WTuntr_H3K27ac_rep_A_peak_22361_lociStitched	chr7	126668169	126696188	9	9063	18741.9091	4824.8718	535	1
6_WTuntr_H3K27ac_rep_A_peak_23072_lociStitched	chr8	46362614	46410231	6	9921	19756.2933	5852.1293	536	1
5_WTuntr_H3K27ac_rep_A_peak_23096_lociStitched	chr8	46875084	46890075	5	6975	15954.9213	2073.2553	537	1
6_WTuntr_H3K27ac_rep_A_peak_389_lociStitched	chr1	71632097	71654179	6	8573	17363.0766	3575.0758	538	1
6_WTuntr_H3K27ac_rep_A_peak_22725_lociStitched	chr8	11457493	11479264	6	9594	17863.1055	4090.7709	539	1
9_WTuntr_H3K27ac_rep_A_peak_24937_lociStitched	chr9	69988947	70014202	9	8460	17441.103	3677.128	540	1
2_WTuntr_H3K27ac_rep_A_peak_23607_lociStitched	chr8	95881596	95888769	2	4871	14906.9286	1150.5492	541	1
1_WTuntr_H3K27ac_rep_A_peak_8919_lociStitched	chr15	96284666	96289027	1	4362	14584.9284	839.4925	542	1
8_WTuntr_H3K27ac_rep_A_peak_4731_lociStitched	chr11	117310688	117337913	8	11904	19305.2475	5564.79	543	1
6_WTuntr_H3K27ac_rep_A_peak_13736_lociStitched	chr2	90553670	90581291	6	6772	18367.965	4651.3764	544	1
5_WTuntr_H3K27ac_rep_A_peak_24898_lociStitched	chr9	66591754	66607173	5	8537	16344.14	2638.1909	545	1
3_WTuntr_H3K27ac_rep_A_peak_8691_lociStitched	chr15	81801958	81813156	3	7479	15884.363	2180.2506	546	1
1_WTuntr_H3K27ac_rep_A_peak_4613_lociStitched	chr11	113747897	113752409	1	4513	14680.6944	988.5792	547	1
5_WTuntr_H3K27ac_rep_A_peak_11427_lociStitched	chr18	36659110	36680026	5	8123	16676.3268	3013.9956	548	1
3_WTuntr_H3K27ac_rep_A_peak_22750_lociStitched	chr8	13056364	13075144	3	6228	16428.744	2822.634	549	1
1_WTuntr_H3K27ac_rep_A_peak_12888_lociStitched	chr2	4917040	4923984	1	6945	14746.9728	1161.0368	550	1
2_WTuntr_H3K27ac_rep_A_peak_21482_lociStitched	chr7	31107233	31116752	2	8999	15346.5318	1765.7745	551	1
12_WTuntr_H3K27ac_rep_A_peak_19152_lociStitched	chr5	135673019	135708502	12	11954	19306.3003	5726.9562	552	1
7_WTuntr_H3K27ac_rep_A_peak_17056_lociStitched	chr4	126092299	126115384	7	7885	17978.598	4406.9265	553	1
3_WTuntr_H3K27ac_rep_A_peak_24495_lociStitched	chr9	44396426	44418399	3	7895	17617.9514	4054.0185	554	1
7_WTuntr_H3K27ac_rep_A_peak_3280_lociStitched	chr11	49076610	49091841	7	7250	15486.8808	1937.3832	555	1
10_WTuntr_H3K27ac_rep_A_peak_25399_lociStitched	chr9	110333397	110363202	10	8918	18094.6155	4575.0675	556	1
4_WTuntr_H3K27ac_rep_A_peak_2422_lociStitched	chr10	87517356	87547148	4	9371	17026.128	3515.456	557	1
7_WTuntr_H3K27ac_rep_A_peak_799_lociStitched	chr1	130820967	130841904	7	11043	16590.4788	3079.8327	558	1
7_WTuntr_H3K27ac_rep_A_peak_6494_lociStitched	chr13	63230627	63259060	7	10405	18080.5447	4572.0264	559	1
7_WTuntr_H3K27ac_rep_A_peak_20483_lociStitched	chr6	113638493	113669050	7	8505	19150.0719	5653.045	560	1
10_WTuntr_H3K27ac_rep_A_peak_23761_lociStitched	chr8	109972462	110004915	10	9150	18374.8886	4903.6483	561	1
4_WTuntr_H3K27ac_rep_A_peak_11541_lociStitched	chr18	46722336	46743007	4	7294	16309.419	2850.5309	562	1
8_WTuntr_H3K27ac_rep_A_peak_2071_lociStitched	chr10	69910128	69941707	8	8103	18517.9256	5131.5875	563	1
3_WTuntr_H3K27ac_rep_A_peak_2932_lociStitched	chr10	128958544	128971472	3	7927	15176.1792	1798.2848	564	1
5_WTuntr_H3K27ac_rep_A_peak_5275_lociStitched	chr12	70223309	70235292	5	7118	15407.7414	2040.7049	565	1
4_WTuntr_H3K27ac_rep_A_peak_18676_lociStitched	chr5	110798076	110810047	4	6400	15708.3462	2376.2435	566	1
4_WTuntr_H3K27ac_rep_A_peak_8094_lociStitched	chr15	31563221	31584291	4	7754	16801.218	3472.336	567	1
3_WTuntr_H3K27ac_rep_A_peak_24721_lociStitched	chr9	57638294	57651816	3	8287	15801.8092	2478.5826	568	1
4_WTuntr_H3K27ac_rep_A_peak_24113_lociStitched	chr8	126720208	126738211	4	5696	16510.5513	3222.537	569	1
1_WTuntr_H3K27ac_rep_A_peak_11658_lociStitched	chr18	61397309	61401974	1	4666	14073.372	813.576	570	1
4_WTuntr_H3K27ac_rep_A_peak_23749_lociStitched	chr8	109565042	109587157	4	9475	16966.628	3708.6855	571	1
4_WTuntr_H3K27ac_rep_A_peak_14878_lociStitched	chr3	22074549	22092260	4	5683	16046.166	2789.4825	572	1
3_WTuntr_H3K27ac_rep_A_peak_9001_lociStitched	chr15	99386424	99397348	3	7162	15037.9784	1781.7044	573	1
4_WTuntr_H3K27ac_rep_A_peak_22812_lociStitched	chr8	22474653	22491990	4	5963	15821.7462	2565.876	574	1
6_WTuntr_H3K27ac_rep_A_peak_18217_lociStitched	chr5	64314605	64346925	6	8565	18945.984	5762.656	575	1
3_WTuntr_H3K27ac_rep_A_peak_5562_lociStitched	chr12	87147208	87159239	3	6433	15053.1872	1881.6484	576	1
7_WTuntr_H3K27ac_rep_A_peak_24194_lociStitched	chr9	9210596	9239472	7	8727	16987.7508	3826.07	577	1
5_WTuntr_H3K27ac_rep_A_peak_4120_lociStitched	chr11	94198119	94213410	5	5351	15239.0106	2091.8088	578	1
6_WTuntr_H3K27ac_rep_A_peak_1875_lociStitched	chr10	53378536	53408392	6	5419	16611.8784	3466.2816	579	1
4_WTuntr_H3K27ac_rep_A_peak_16174_lociStitched	chr4	40142421	40161636	4	7772	16079.112	2941.8165	580	1
6_WTuntr_H3K27ac_rep_A_peak_24632_lociStitched	chr9	51961067	51996199	6	7814	17780.3052	4683.0956	581	1
4_WTuntr_H3K27ac_rep_A_peak_20565_lociStitched	chr6	116628546	116653862	4	7498	17794.6164	4708.776	582	1
1_WTuntr_H3K27ac_rep_A_peak_8138_lociStitched	chr15	36792015	36794858	1	2844	13602.9021	541.3072	583	1
2_WTuntr_H3K27ac_rep_A_peak_17715_lociStitched	chr4	150850151	150858397	2	7934	14149.3114	1104.964	584	1
10_WTuntr_H3K27ac_rep_A_peak_5687_lociStitched	chr12	103954091	104003687	10	15509	21093.1788	8049.4308	585	1
7_WTuntr_H3K27ac_rep_A_peak_7293_lociStitched	chr14	41140098	41171203	7	9507	16762.4845	3773.0365	586	1
8_WTuntr_H3K27ac_rep_A_peak_15879_lociStitched	chr3	138358640	138378764	8	11510	15543.7776	2555.748	587	1
7_WTuntr_H3K27ac_rep_A_peak_845_lociStitched	chr1	132316149	132342827	7	10027	18085.0162	5100.8336	588	1
4_WTuntr_H3K27ac_rep_A_peak_16490_lociStitched	chr4	62501468	62525374	4	8166	17310.3346	4338.939	589	1
11_WTuntr_H3K27ac_rep_A_peak_10171_lociStitched	chr17	24695174	24745066	11	10124	21643.1496	8681.208	590	1
5_WTuntr_H3K27ac_rep_A_peak_15430_lociStitched	chr3	95871100	95905745	5	7095	18399.9595	5446.194	591	1
2_WTuntr_H3K27ac_rep_A_peak_21613_lociStitched	chr7	45486684	45493996	2	6638	14433.888	1485.0672	592	1
3_WTuntr_H3K27ac_rep_A_peak_13380_lociStitched	chr2	35098687	35110224	3	9489	14793.8951	1867.8403	593	1
4_WTuntr_H3K27ac_rep_A_peak_8059_lociStitched	chr15	25929306	25945464	4	7539	16366.4382	3446.5014	594	1
5_WTuntr_H3K27ac_rep_A_peak_15254_lociStitched	chr3	88138110	88150366	5	7604	15445.0112	2541.8944	595	1
7_WTuntr_H3K27ac_rep_A_peak_18211_lociStitched	chr5	63935703	63969487	7	10282	18473.0912	5570.9816	596	1
4_WTuntr_H3K27ac_rep_A_peak_18142_lociStitched	chr5	45440438	45451112	4	6682	14512.3704	1648.0656	597	1
6_WTuntr_H3K27ac_rep_A_peak_24703_lociStitched	chr9	57063565	57077206	6	7876	15204.2586	2354.4366	598	1
2_WTuntr_H3K27ac_rep_A_peak_3983_lociStitched	chr11	84869057	84880668	2	4083	14572.9661	1730.039	599	1
6_WTuntr_H3K27ac_rep_A_peak_20813_lociStitched	chr6	129174434	129184467	6	6406	13834.5037	993.267	600	1
7_WTuntr_H3K27ac_rep_A_peak_25507_lociStitched	chr9	121342384	121384356	7	8034	20973.4084	8142.568	601	1
7_WTuntr_H3K27ac_rep_A_peak_1467_lociStitched	chr1	190041391	190060111	7	8450	15638.688	2813.616	602	1
2_WTuntr_H3K27ac_rep_A_peak_17121_lociStitched	chr4	129246151	129252249	2	4798	13979.0552	1181.7924	603	1
2_WTuntr_H3K27ac_rep_A_peak_5841_lociStitched	chr12	112585159	112598447	2	6539	15399.4632	2615.0784	604	1
6_WTuntr_H3K27ac_rep_A_peak_11084_lociStitched	chr17	86752843	86776568	6	7212	16991.845	4230.1675	605	1
3_WTuntr_H3K27ac_rep_A_peak_24363_lociStitched	chr9	31993946	32007336	3	7801	14746.407	2035.28	606	1
2_WTuntr_H3K27ac_rep_A_peak_22905_lociStitched	chr8	33798364	33808185	2	6470	14943.6336	2239.188	607	1
3_WTuntr_H3K27ac_rep_A_peak_23963_lociStitched	chr8	121942978	121951919	3	5614	14580.9828	1876.7159	608	1
4_WTuntr_H3K27ac_rep_A_peak_12174_lociStitched	chr19	9954002	9983533	4	7591	17470.5396	4766.3034	609	1
8_WTuntr_H3K27ac_rep_A_peak_12075_lociStitched	chr19	6035575	6084955	8	8854	21663.006	8962.47	610	1
2_WTuntr_H3K27ac_rep_A_peak_17273_lociStitched	chr4	133751804	133757687	2	4882	13866.231	1181.8947	611	1
4_WTuntr_H3K27ac_rep_A_peak_17499_lociStitched	chr4	141272972	141282328	4	6730	14471.8608	1810.386	612	1
4_WTuntr_H3K27ac_rep_A_peak_2090_lociStitched	chr10	75045794	75061585	4	9610	16037.3396	3379.274	613	1
2_WTuntr_H3K27ac_rep_A_peak_22951_lociStitched	chr8	35374279	35380131	2	5434	13669.1016	1022.9296	614	1
4_WTuntr_H3K27ac_rep_A_peak_4673_lociStitched	chr11	116004624	116031266	4	5919	16805.7736	4164.1446	615	1
3_WTuntr_H3K27ac_rep_A_peak_25512_lociStitched	chr9	121704352	121720389	3	5665	15344.2016	2703.8382	616	1
4_WTuntr_H3K27ac_rep_A_peak_10871_lociStitched	chr17	71087487	71097388	4	6162	14301.9945	1662.3779	617	1
2_WTuntr_H3K27ac_rep_A_peak_4241_lociStitched	chr11	98438454	98450300	2	5468	14625.0716	1992.4972	618	1
6_WTuntr_H3K27ac_rep_A_peak_24674_lociStitched	chr9	54841442	54864870	6	8587	15949.7824	3329.1188	619	1
3_WTuntr_H3K27ac_rep_A_peak_12948_lociStitched	chr2	11692873	11708634	3	6254	14667.1866	2048.93	620	1
1_WTuntr_H3K27ac_rep_A_peak_5775_lociStitched	chr12	110020493	110025403	1	4911	13505.446	890.183	621	1
7_WTuntr_H3K27ac_rep_A_peak_16087_lociStitched	chr4	15923692	15958549	7	8133	17334.3861	4719.6378	622	1
6_WTuntr_H3K27ac_rep_A_peak_22843_lociStitched	chr8	24419448	24450511	6	7510	17407.7052	4793.0209	623	1
5_WTuntr_H3K27ac_rep_A_peak_23925_lociStitched	chr8	120536202	120548584	5	8437	14919.0718	2310.4812	624	1
1_WTuntr_H3K27ac_rep_A_peak_14533_lociStitched	chr2	165879868	165887737	1	7870	14167.3476	1568.2917	625	1
5_WTuntr_H3K27ac_rep_A_peak_6568_lociStitched	chr13	69524436	69536016	5	6754	14932.41	2333.37	626	1
2_WTuntr_H3K27ac_rep_A_peak_16110_lociStitched	chr4	20007033	20011888	2	4268	13354.163	756.409	627	1
2_WTuntr_H3K27ac_rep_A_peak_6750_lociStitched	chr13	96980149	96986418	2	5718	13770.4854	1187.9755	628	1
4_WTuntr_H3K27ac_rep_A_peak_2149_lociStitched	chr10	77507360	77519517	4	6878	14919.0704	2356.0266	629	1
3_WTuntr_H3K27ac_rep_A_peak_3627_lociStitched	chr11	69364153	69378685	3	6927	15226.6296	2668.0752	630	1
6_WTuntr_H3K27ac_rep_A_peak_9006_lociStitched	chr15	99702070	99726303	6	8180	17348.4047	4795.7107	631	1
7_WTuntr_H3K27ac_rep_A_peak_24982_lociStitched	chr9	71156365	71176711	7	9631	15601.3128	3049.8654	632	1
2_WTuntr_H3K27ac_rep_A_peak_12707_lociStitched	chr19	46499565	46504271	2	4402	13464.3366	919.5524	633	1
4_WTuntr_H3K27ac_rep_A_peak_25375_lociStitched	chr9	109073735	109098153	4	8935	16926.5576	4390.3564	634	1
5_WTuntr_H3K27ac_rep_A_peak_19349_lociStitched	chr5	142894944	142915770	5	6397	16446.2922	3911.1228	635	1
5_WTuntr_H3K27ac_rep_A_peak_20954_lociStitched	chr6	142451011	142474145	5	7103	15881.491	3347.4898	636	1
10_WTuntr_H3K27ac_rep_A_peak_11295_lociStitched	chr18	20640529	20666957	10	9149	16258.5056	3739.562	637	1
7_WTuntr_H3K27ac_rep_A_peak_7576_lociStitched	chr14	63149548	63178729	7	8327	17321.8416	4803.1926	638	1
2_WTuntr_H3K27ac_rep_A_peak_11013_lociStitched	chr17	84181466	84189499	2	6691	13835.2359	1347.9374	639	1
5_WTuntr_H3K27ac_rep_A_peak_23049_lociStitched	chr8	45323784	45342786	5	6488	15064.7856	2580.4716	640	1
7_WTuntr_H3K27ac_rep_A_peak_7707_lociStitched	chr14	70500331	70520642	7	7374	16313.7952	3834.7168	641	1
4_WTuntr_H3K27ac_rep_A_peak_7492_lociStitched	chr14	57088592	57105168	4	5748	15157.0944	2678.6816	642	1
1_WTuntr_H3K27ac_rep_A_peak_20904_lociStitched	chr6	138139141	138145618	1	6478	13625.0172	1151.6106	643	1
2_WTuntr_H3K27ac_rep_A_peak_24134_lociStitched	chr8	126875433	126887840	2	4779	14569.5401	2112.9121	644	1
4_WTuntr_H3K27ac_rep_A_peak_18269_lociStitched	chr5	66135215	66151973	4	5921	15095.6064	2642.7366	645	1
2_WTuntr_H3K27ac_rep_A_peak_8154_lociStitched	chr15	38298137	38302148	2	3484	13223.8659	772.9197	646	1
5_WTuntr_H3K27ac_rep_A_peak_6593_lociStitched	chr13	73755166	73774357	5	11060	16335.3792	3888.0966	647	1
4_WTuntr_H3K27ac_rep_A_peak_10416_lociStitched	chr17	31628217	31638354	4	4413	14169.4986	1755.7284	648	1
2_WTuntr_H3K27ac_rep_A_peak_8630_lociStitched	chr15	79387246	79403886	2	7750	15598.336	3184.896	649	1
4_WTuntr_H3K27ac_rep_A_peak_1379_lociStitched	chr1	181004944	181021194	4	6801	15305.875	2908.75	650	1
4_WTuntr_H3K27ac_rep_A_peak_15336_lociStitched	chr3	90247548	90266393	4	6426	15729.9215	3346.872	651	1
4_WTuntr_H3K27ac_rep_A_peak_15079_lociStitched	chr3	62338606	62352983	4	5664	14214.5399	1848.8822	652	1
6_WTuntr_H3K27ac_rep_A_peak_14299_lociStitched	chr2	152331896	152364324	6	8267	18049.4248	5684.6284	653	1
5_WTuntr_H3K27ac_rep_A_peak_10732_lociStitched	chr17	53642030	53656990	5	8041	14672.768	2321.792	654	1
2_WTuntr_H3K27ac_rep_A_peak_12590_lociStitched	chr19	42045493	42053684	2	6903	13755.9654	1407.2138	655	1
1_WTuntr_H3K27ac_rep_A_peak_19387_lociStitched	chr5	144254149	144259436	1	5288	13592.877	1247.732	656	1
7_WTuntr_H3K27ac_rep_A_peak_10285_lociStitched	chr17	27780294	27801280	7	10604	16304.0234	3960.0582	657	1
8_WTuntr_H3K27ac_rep_A_peak_7919_lociStitched	chr15	3449175	3466189	8	7295	14284.9544	1949.8044	658	1
4_WTuntr_H3K27ac_rep_A_peak_9075_lociStitched	chr15	102002743	102028998	4	8815	17076.252	4741.653	659	1
2_WTuntr_H3K27ac_rep_A_peak_2736_lociStitched	chr10	118749401	118767015	2	6023	15188.5522	2855.2294	660	1
4_WTuntr_H3K27ac_rep_A_peak_20870_lociStitched	chr6	135158091	135168203	4	5885	13941.4144	1608.8192	661	1
5_WTuntr_H3K27ac_rep_A_peak_8609_lociStitched	chr15	78830953	78846409	5	9154	15310.7136	2983.008	662	1
5_WTuntr_H3K27ac_rep_A_peak_6478_lociStitched	chr13	60659350	60687446	5	10144	17880.2944	5560.1984	663	1
4_WTuntr_H3K27ac_rep_A_peak_5390_lociStitched	chr12	76532966	76558812	4	7091	17190.1746	4871.971	664	1
4_WTuntr_H3K27ac_rep_A_peak_9464_lociStitched	chr16	26357563	26371844	4	6254	14095.347	1782.2688	665	1
3_WTuntr_H3K27ac_rep_A_peak_6777_lociStitched	chr13	100532551	100553381	3	5116	14966.355	2672.489	666	1
4_WTuntr_H3K27ac_rep_A_peak_7982_lociStitched	chr15	9068468	9082745	4	6067	14294.1324	2007.3462	667	1
4_WTuntr_H3K27ac_rep_A_peak_16187_lociStitched	chr4	40844489	40854713	4	7841	14157.1728	1877.1264	668	1
1_WTuntr_H3K27ac_rep_A_peak_25895_lociStitched	chrX	143482906	143483220	1	315	39986.4556	27721.3016	669	1
5_WTuntr_H3K27ac_rep_A_peak_25335_lociStitched	chr9	108072166	108096120	5	6782	16731.869	4484.1888	670	1
4_WTuntr_H3K27ac_rep_A_peak_14127_lociStitched	chr2	131209574	131235723	4	6898	16591.5405	4345.9638	671	1
5_WTuntr_H3K27ac_rep_A_peak_15975_lociStitched	chr3	152191170	152211312	5	5599	14429.7288	2197.4922	672	1
1_WTuntr_H3K27ac_rep_A_peak_24508_lociStitched	chr9	44799268	44805708	1	6441	13543.964	1316.98	673	1
4_WTuntr_H3K27ac_rep_A_peak_13785_lociStitched	chr2	92421330	92446618	4	8414	16874.6824	4685.8664	674	1
4_WTuntr_H3K27ac_rep_A_peak_6885_lociStitched	chr13	113601259	113618571	4	7641	15700.2528	3516.0672	675	1
4_WTuntr_H3K27ac_rep_A_peak_21618_lociStitched	chr7	45567480	45576323	4	5861	13987.8574	1811.0464	676	1
3_WTuntr_H3K27ac_rep_A_peak_2834_lociStitched	chr10	127660869	127676757	3	6290	14744.064	2611.9872	677	1
1_WTuntr_H3K27ac_rep_A_peak_25409_lociStitched	chr9	110874697	110881454	1	6758	13520.757	1392.6177	678	1
6_WTuntr_H3K27ac_rep_A_peak_14170_lociStitched	chr2	132680713	132699573	6	9080	15080.456	2977.994	679	1
1_WTuntr_H3K27ac_rep_A_peak_21798_lociStitched	chr7	73556660	73559995	1	3336	12578.286	496.915	680	1
8_WTuntr_H3K27ac_rep_A_peak_22920_lociStitched	chr8	33969827	33993795	8	8140	15303.568	3238.0768	681	1
2_WTuntr_H3K27ac_rep_A_peak_4824_lociStitched	chr11	120184209	120190434	2	5910	13376.9025	1312.8525	682	1
4_WTuntr_H3K27ac_rep_A_peak_17195_lociStitched	chr4	132062820	132078960	4	5465	15299.106	3236.07	683	1
3_WTuntr_H3K27ac_rep_A_peak_24949_lociStitched	chr9	70231349	70245839	3	6814	14413.203	2357.523	684	1
3_WTuntr_H3K27ac_rep_A_peak_24859_lociStitched	chr9	65289231	65296263	3	4959	13154.7624	1128.636	685	1
3_WTuntr_H3K27ac_rep_A_peak_5935_lociStitched	chr13	12453998	12464035	3	6665	13782.8084	1757.4787	686	1
5_WTuntr_H3K27ac_rep_A_peak_17433_lociStitched	chr4	138453729	138465286	5	7564	14063.7133	2049.0561	687	1
1_WTuntr_H3K27ac_rep_A_peak_13627_lociStitched	chr2	72978408	72981116	1	2709	12533.4364	524.2688	688	1
6_WTuntr_H3K27ac_rep_A_peak_4371_lociStitched	chr11	101699289	101714624	6	6557	14371.962	2370.791	689	1
8_WTuntr_H3K27ac_rep_A_peak_24149_lociStitched	chr8	127439274	127463380	8	4905	15678.5424	3680.9862	690	1
3_WTuntr_H3K27ac_rep_A_peak_8551_lociStitched	chr15	77366873	77383447	3	6373	14782.3506	2799.3486	691	1
2_WTuntr_H3K27ac_rep_A_peak_12808_lociStitched	chr19	55740797	55745470	2	4244	12832.5253	856.5609	692	1
3_WTuntr_H3K27ac_rep_A_peak_17493_lociStitched	chr4	141129496	141148715	3	8642	15798.018	3826.5029	693	1
3_WTuntr_H3K27ac_rep_A_peak_12668_lociStitched	chr19	44982080	44992964	3	6575	14061.0396	2089.728	694	1
3_WTuntr_H3K27ac_rep_A_peak_16959_lociStitched	chr4	118272184	118291639	3	7598	15663.2205	3696.45	695	1
2_WTuntr_H3K27ac_rep_A_peak_21315_lociStitched	chr7	25649276	25659615	2	6076	13883.2092	1926.1557	696	1
5_WTuntr_H3K27ac_rep_A_peak_23144_lociStitched	chr8	61558314	61591277	5	5979	16547.426	4591.7459	697	1
1_WTuntr_H3K27ac_rep_A_peak_6635_lociStitched	chr13	80882219	80886959	1	4741	12633.048	688.248	698	1
7_WTuntr_H3K27ac_rep_A_peak_3499_lociStitched	chr11	60028315	60049649	7	5731	15526.8852	3590.5122	699	1
1_WTuntr_H3K27ac_rep_A_peak_20208_lociStitched	chr6	87806807	87812148	1	5342	12982.3687	1074.6092	700	1
6_WTuntr_H3K27ac_rep_A_peak_20757_lociStitched	chr6	125345820	125364650	6	6928	15745.646	3841.32	701	1
4_WTuntr_H3K27ac_rep_A_peak_9097_lociStitched	chr15	102394784	102406695	4	5700	13829.8621	1935.5375	702	1
5_WTuntr_H3K27ac_rep_A_peak_10648_lociStitched	chr17	46437285	46462339	5	6900	16390.3268	4512.2254	703	1
2_WTuntr_H3K27ac_rep_A_peak_4790_lociStitched	chr11	119083329	119092574	2	6036	13755.6355	1879.5085	704	1
1_WTuntr_H3K27ac_rep_A_peak_15407_lociStitched	chr3	95314783	95320997	1	6215	13276.8324	1437.9196	705	1
4_WTuntr_H3K27ac_rep_A_peak_22585_lociStitched	chr7	141327254	141344456	4	6180	14989.8228	3173.769	706	1
2_WTuntr_H3K27ac_rep_A_peak_24458_lociStitched	chr9	43104092	43116316	2	3596	13595.5328	1785.9264	707	1
6_WTuntr_H3K27ac_rep_A_peak_11072_lociStitched	chr17	86522472	86536524	6	8320	14302.1256	2504.0664	708	1
2_WTuntr_H3K27ac_rep_A_peak_7552_lociStitched	chr14	61680647	61687314	2	3998	13042.6521	1259.3963	709	1
5_WTuntr_H3K27ac_rep_A_peak_15482_lociStitched	chr3	97609415	97633612	5	7223	15328.7995	3566.6378	710	1
7_WTuntr_H3K27ac_rep_A_peak_14447_lociStitched	chr2	160327215	160351703	7	7438	16005.3568	4246.2192	711	1
3_WTuntr_H3K27ac_rep_A_peak_1026_lociStitched	chr1	151124303	151133615	3	6485	12792.8256	1036.4256	712	1
5_WTuntr_H3K27ac_rep_A_peak_13897_lociStitched	chr2	110302351	110320275	5	7708	13756.67	2009.2804	713	1
9_WTuntr_H3K27ac_rep_A_peak_7973_lociStitched	chr15	7128579	7145954	9	8729	14942.5	3198.7375	714	1
6_WTuntr_H3K27ac_rep_A_peak_18826_lociStitched	chr5	117976790	117998075	6	7925	16193.628	4459.2075	715	1
3_WTuntr_H3K27ac_rep_A_peak_1888_lociStitched	chr10	54070772	54076317	3	4063	12681.9695	957.067	716	1
3_WTuntr_H3K27ac_rep_A_peak_4235_lociStitched	chr11	98292620	98299059	3	5049	12862.5464	1151.2932	717	1
5_WTuntr_H3K27ac_rep_A_peak_12614_lociStitched	chr19	43510735	43526080	5	8692	14465.7315	2755.962	718	1
6_WTuntr_H3K27ac_rep_A_peak_24486_lociStitched	chr9	44305213	44347927	6	7578	19191.4002	7487.7642	719	1
4_WTuntr_H3K27ac_rep_A_peak_7721_lociStitched	chr14	73130166	73144276	4	4982	13877.185	2185.639	720	1
7_WTuntr_H3K27ac_rep_A_peak_7377_lociStitched	chr14	51083049	51097367	7	6425	14110.389	2422.6056	721	1
3_WTuntr_H3K27ac_rep_A_peak_4834_lociStitched	chr11	120339476	120353836	3	4375	14035.464	2349.296	722	1
2_WTuntr_H3K27ac_rep_A_peak_4715_lociStitched	chr11	116842547	116854252	2	4253	13451.386	1822.4685	723	1
6_WTuntr_H3K27ac_rep_A_peak_20513_lociStitched	chr6	114913441	114954163	6	10144	18988.6686	7370.682	724	1
2_WTuntr_H3K27ac_rep_A_peak_22398_lociStitched	chr7	127470186	127479750	2	5247	13551.2316	1934.7972	725	1
2_WTuntr_H3K27ac_rep_A_peak_21477_lociStitched	chr7	31053927	31058870	2	4323	12638.7567	1025.6725	726	1
6_WTuntr_H3K27ac_rep_A_peak_12482_lociStitched	chr19	36781915	36809557	6	7268	15543.0966	3930.6924	727	1
5_WTuntr_H3K27ac_rep_A_peak_21989_lociStitched	chr7	97414275	97424359	5	8403	13586.1732	1976.464	728	1
7_WTuntr_H3K27ac_rep_A_peak_8228_lociStitched	chr15	54922425	54963142	7	6146	16926.0569	5325.7836	729	1
5_WTuntr_H3K27ac_rep_A_peak_23498_lociStitched	chr8	90868065	90879981	5	6354	13535.3844	1944.6912	730	1
6_WTuntr_H3K27ac_rep_A_peak_3191_lociStitched	chr11	31823739	31843272	6	7340	15032.5968	3472.9674	731	1
4_WTuntr_H3K27ac_rep_A_peak_6437_lociStitched	chr13	58113070	58129985	4	4929	14255.962	2718.2405	732	1
7_WTuntr_H3K27ac_rep_A_peak_19796_lociStitched	chr6	38852297	38876911	7	9338	14945.6208	3411.5004	733	1
6_WTuntr_H3K27ac_rep_A_peak_16154_lociStitched	chr4	34966157	35013443	6	9064	18810.3708	7277.3154	734	1
6_WTuntr_H3K27ac_rep_A_peak_19959_lociStitched	chr6	57533756	57546009	6	8344	13058.0221	1527.9491	735	1
8_WTuntr_H3K27ac_rep_A_peak_19736_lociStitched	chr6	34709463	34727386	8	6426	14533.7607	3018.2332	736	1
4_WTuntr_H3K27ac_rep_A_peak_13764_lociStitched	chr2	91256822	91269703	4	5947	14162.6595	2652.1979	737	1
3_WTuntr_H3K27ac_rep_A_peak_13855_lociStitched	chr2	103795748	103817902	3	4241	14575.1166	3077.1906	738	1
4_WTuntr_H3K27ac_rep_A_peak_11277_lociStitched	chr18	16790226	16810100	4	6043	13881.989	2384.88	739	1
5_WTuntr_H3K27ac_rep_A_peak_20951_lociStitched	chr6	141943629	141962838	5	6929	13229.2383	1742.2563	740	1
2_WTuntr_H3K27ac_rep_A_peak_11310_lociStitched	chr18	20960399	20969941	2	4860	12885.5168	1403.6282	741	1
3_WTuntr_H3K27ac_rep_A_peak_9339_lociStitched	chr16	20715357	20733523	3	5527	14354.7732	2879.311	742	1
5_WTuntr_H3K27ac_rep_A_peak_20369_lociStitched	chr6	95701845	95718820	5	7427	14275.975	2802.5725	743	1
7_WTuntr_H3K27ac_rep_A_peak_19635_lociStitched	chr6	23126252	23148097	7	7384	13865.0215	2392.0275	744	1
3_WTuntr_H3K27ac_rep_A_peak_498_lociStitched	chr1	75141255	75149459	3	4753	12913.096	1441.4428	745	1
6_WTuntr_H3K27ac_rep_A_peak_14858_lociStitched	chr3	19953519	19965189	6	6644	12626.94	1174.002	746	1
1_WTuntr_H3K27ac_rep_A_peak_2913_lociStitched	chr10	128586463	128590588	1	4126	12389.4375	945.8625	747	1
8_WTuntr_H3K27ac_rep_A_peak_11269_lociStitched	chr18	16735546	16759122	8	6453	14032.4352	2605.148	748	1
2_WTuntr_H3K27ac_rep_A_peak_17939_lociStitched	chr5	25096773	25101830	2	4687	12339.08	940.0963	749	1
3_WTuntr_H3K27ac_rep_A_peak_175_lociStitched	chr1	40221340	40230443	3	7060	12898.951	1507.4568	750	1
3_WTuntr_H3K27ac_rep_A_peak_18374_lociStitched	chr5	87333939	87349163	3	9484	12925.176	1540.6688	751	1
1_WTuntr_H3K27ac_rep_A_peak_14980_lociStitched	chr3	41563071	41566163	1	3093	12000.6704	617.7816	752	1
5_WTuntr_H3K27ac_rep_A_peak_20183_lociStitched	chr6	86471680	86498468	5	6663	15858.496	4484.3112	753	1
4_WTuntr_H3K27ac_rep_A_peak_15053_lociStitched	chr3	58680646	58692845	4	6231	13168.8205	1798.1326	754	1
4_WTuntr_H3K27ac_rep_A_peak_11553_lociStitched	chr18	51117466	51131512	4	5569	12802.929	1435.5012	755	1
3_WTuntr_H3K27ac_rep_A_peak_19065_lociStitched	chr5	127632190	127641464	3	3727	13000.2932	1635.0062	756	1
1_WTuntr_H3K27ac_rep_A_peak_9988_lociStitched	chr17	4993610	4997336	1	3727	11969.4024	606.5928	757	1
5_WTuntr_H3K27ac_rep_A_peak_5400_lociStitched	chr12	78206600	78227657	5	4161	13640.7246	2282.5788	758	1
3_WTuntr_H3K27ac_rep_A_peak_10184_lociStitched	chr17	24846720	24858889	3	5512	13753.4038	2405.8113	759	1
4_WTuntr_H3K27ac_rep_A_peak_3663_lociStitched	chr11	69979984	70000958	4	5832	15080.306	3760.6382	760	1
1_WTuntr_H3K27ac_rep_A_peak_281_lociStitched	chr1	58710954	58714668	1	3715	11883.6858	567.4992	761	1
2_WTuntr_H3K27ac_rep_A_peak_14037_lociStitched	chr2	126668352	126676379	2	2850	12412.1501	1101.3044	762	1
7_WTuntr_H3K27ac_rep_A_peak_11476_lociStitched	chr18	38852786	38888863	7	8242	17078.8518	5768.7123	763	1
7_WTuntr_H3K27ac_rep_A_peak_15458_lociStitched	chr3	96555106	96577936	7	7864	15748.134	4438.152	764	1
6_WTuntr_H3K27ac_rep_A_peak_3599_lociStitched	chr11	67025143	67053017	6	7347	15294.4638	3985.982	765	1
1_WTuntr_H3K27ac_rep_A_peak_20389_lociStitched	chr6	97308774	97313115	1	4342	12023.7018	717.5673	766	1
2_WTuntr_H3K27ac_rep_A_peak_8653_lociStitched	chr15	80249678	80256684	2	4534	12682.2612	1389.2898	767	1
4_WTuntr_H3K27ac_rep_A_peak_12910_lociStitched	chr2	5936093	5951929	4	5251	13566.7012	2291.4692	768	1
2_WTuntr_H3K27ac_rep_A_peak_12575_lociStitched	chr19	41339193	41349162	2	5528	13002.5667	1743.5781	769	1
1_WTuntr_H3K27ac_rep_A_peak_17961_lociStitched	chr5	28069731	28074064	1	4334	12312.2195	1054.6522	770	1
3_WTuntr_H3K27ac_rep_A_peak_24857_lociStitched	chr9	65195992	65218490	3	5173	14965.6696	3723.419	771	1
5_WTuntr_H3K27ac_rep_A_peak_4959_lociStitched	chr12	8495899	8521149	5	6283	14799.025	3557.725	772	1
5_WTuntr_H3K27ac_rep_A_peak_6059_lociStitched	chr13	30336368	30361090	5	8156	14420.3426	3194.0824	773	1
5_WTuntr_H3K27ac_rep_A_peak_10772_lociStitched	chr17	56256092	56291654	5	6707	18243.306	7019.9388	774	1
1_WTuntr_H3K27ac_rep_A_peak_19540_lociStitched	chr5	151405628	151412864	1	7237	12082.6728	860.3604	775	1
2_WTuntr_H3K27ac_rep_A_peak_2307_lociStitched	chr10	81090898	81106673	2	5425	14153.33	2934.15	776	1
2_WTuntr_H3K27ac_rep_A_peak_21299_lociStitched	chr7	25237260	25251094	2	4867	13554.5532	2366.9974	777	1
5_WTuntr_H3K27ac_rep_A_peak_9138_lociStitched	chr16	4395545	4420969	5	6987	15198.4672	4014.4496	778	1
3_WTuntr_H3K27ac_rep_A_peak_6043_lociStitched	chr13	24937114	24947976	3	6604	12868.2114	1690.1272	779	1
2_WTuntr_H3K27ac_rep_A_peak_22717_lociStitched	chr8	11006747	11012256	2	5203	12156.7103	996.0272	780	1
4_WTuntr_H3K27ac_rep_A_peak_2876_lociStitched	chr10	128082428	128097635	4	5986	13785.1455	2632.3317	781	1
7_WTuntr_H3K27ac_rep_A_peak_24245_lociStitched	chr9	20861766	20898593	7	7473	17706.4216	6555.206	782	1
1_WTuntr_H3K27ac_rep_A_peak_2432_lociStitched	chr10	87857326	87864124	1	6799	12184.0554	1044.1728	783	1
9_WTuntr_H3K27ac_rep_A_peak_22545_lociStitched	chr7	140747478	140765264	9	8490	13410.644	2273.0508	784	1
2_WTuntr_H3K27ac_rep_A_peak_3362_lociStitched	chr11	51999116	52004600	2	3723	12086.736	953.1192	785	1
2_WTuntr_H3K27ac_rep_A_peak_2951_lociStitched	chr11	4030907	4036724	2	4785	12266.3079	1137.8052	786	1
6_WTuntr_H3K27ac_rep_A_peak_6215_lociStitched	chr13	40841012	40861580	6	7036	14422.2816	3294.9936	787	1
2_WTuntr_H3K27ac_rep_A_peak_9135_lociStitched	chr16	4367138	4378198	2	9634	12830.706	1707.664	788	1
9_WTuntr_H3K27ac_rep_A_peak_3710_lociStitched	chr11	71003767	71020135	9	6642	13333.3728	2212.9536	789	1
7_WTuntr_H3K27ac_rep_A_peak_12439_lociStitched	chr19	34511055	34533084	7	6367	14107.3716	2987.1324	790	1
1_WTuntr_H3K27ac_rep_A_peak_2738_lociStitched	chr10	118867354	118870238	1	2885	11624.8272	507.584	791	1
4_WTuntr_H3K27ac_rep_A_peak_8579_lociStitched	chr15	77911494	77930421	4	6241	14649.498	3537.4563	792	1
4_WTuntr_H3K27ac_rep_A_peak_23829_lociStitched	chr8	114554518	114569563	4	9270	13707.4995	2601.2805	793	1
7_WTuntr_H3K27ac_rep_A_peak_5303_lociStitched	chr12	71830344	71849994	7	9159	14055.645	2969.115	794	1
4_WTuntr_H3K27ac_rep_A_peak_2898_lociStitched	chr10	128322255	128345330	4	6377	14980.29	3904.29	795	1
4_WTuntr_H3K27ac_rep_A_peak_10132_lociStitched	chr17	23546724	23564563	4	6012	14469.2129	3405.4651	796	1
5_WTuntr_H3K27ac_rep_A_peak_13554_lociStitched	chr2	64994686	65023186	5	5815	14489.4	3442.8	797	1
3_WTuntr_H3K27ac_rep_A_peak_18887_lociStitched	chr5	121659817	121668665	3	7597	12491.6064	1478.5008	798	1
4_WTuntr_H3K27ac_rep_A_peak_13796_lociStitched	chr2	93444845	93463035	4	8583	14923.076	3912.669	799	1
5_WTuntr_H3K27ac_rep_A_peak_4201_lociStitched	chr11	97415230	97450793	5	7574	17905.9705	6895.6657	800	1
6_WTuntr_H3K27ac_rep_A_peak_21399_lociStitched	chr7	28911186	28942313	6	6171	16911.2991	5907.9046	801	1
4_WTuntr_H3K27ac_rep_A_peak_2311_lociStitched	chr10	81128492	81140885	4	6308	13339.8252	2337.3198	802	1
2_WTuntr_H3K27ac_rep_A_peak_1504_lociStitched	chr1	191394145	191398170	2	3550	11589.585	587.2475	803	1
5_WTuntr_H3K27ac_rep_A_peak_4313_lociStitched	chr11	101062224	101095872	5	8908	17702.2128	6706.0464	804	1
1_WTuntr_H3K27ac_rep_A_peak_1637_lociStitched	chr10	13964253	13968144	1	3892	11793.621	800.7678	805	1
10_WTuntr_H3K27ac_rep_A_peak_14147_lociStitched	chr2	132247165	132285677	10	9106	16548.6064	5561.1328	806	1
3_WTuntr_H3K27ac_rep_A_peak_21065_lociStitched	chr7	3227219	3236278	3	5695	12370.9704	1393.2742	807	1
4_WTuntr_H3K27ac_rep_A_peak_5493_lociStitched	chr12	83914399	83925786	4	5389	12740.9143	1804.8395	808	1
3_WTuntr_H3K27ac_rep_A_peak_4826_lociStitched	chr11	120229829	120237856	3	5900	12390.4772	1456.9005	809	1
5_WTuntr_H3K27ac_rep_A_peak_4129_lociStitched	chr11	94321300	94347825	5	6325	15267.79	4342.1425	810	1
5_WTuntr_H3K27ac_rep_A_peak_14473_lociStitched	chr2	162973169	162992918	5	7353	14231.1294	3307.9575	811	1
7_WTuntr_H3K27ac_rep_A_peak_12159_lociStitched	chr19	8868118	8898724	7	5958	15961.029	5040.8082	812	1
6_WTuntr_H3K27ac_rep_A_peak_6730_lociStitched	chr13	95880933	95892637	6	6147	12970.3728	2059.904	813	1
1_WTuntr_H3K27ac_rep_A_peak_22919_lociStitched	chr8	33927226	33931681	1	4456	11529.0945	626.8185	814	1
6_WTuntr_H3K27ac_rep_A_peak_3532_lociStitched	chr11	60931466	60942747	6	5716	13100.6253	2200.9231	815	1
6_WTuntr_H3K27ac_rep_A_peak_6689_lociStitched	chr13	93635975	93654212	6	5405	13116.0504	2226.7377	816	1
4_WTuntr_H3K27ac_rep_A_peak_6506_lociStitched	chr13	63548931	63568509	4	5376	14321.307	3449.6436	817	1
5_WTuntr_H3K27ac_rep_A_peak_12234_lociStitched	chr19	12595717	12609553	5	7430	12675.1596	1808.3652	818	1
5_WTuntr_H3K27ac_rep_A_peak_1303_lociStitched	chr1	175624328	175651512	5	7779	14347.7152	3490.4256	819	1
6_WTuntr_H3K27ac_rep_A_peak_4665_lociStitched	chr11	115813076	115842760	6	5828	16685.3764	5829.9376	820	1
3_WTuntr_H3K27ac_rep_A_peak_11347_lociStitched	chr18	31930688	31939482	3	7935	12629.0634	1773.7498	821	1
3_WTuntr_H3K27ac_rep_A_peak_4497_lociStitched	chr11	106776935	106789648	3	4935	12821.0605	1992.1271	822	1
3_WTuntr_H3K27ac_rep_A_peak_23438_lociStitched	chr8	85024875	85038244	3	5142	13120.3366	2295.4573	823	1
3_WTuntr_H3K27ac_rep_A_peak_866_lociStitched	chr1	133119799	133134799	3	6590	13429.5	2613	824	1
5_WTuntr_H3K27ac_rep_A_peak_13263_lociStitched	chr2	30952931	30967951	5	6267	14211.924	3400.528	825	1
5_WTuntr_H3K27ac_rep_A_peak_21356_lociStitched	chr7	27472679	27491392	5	6666	14055.3343	3271.0324	826	1
5_WTuntr_H3K27ac_rep_A_peak_21056_lociStitched	chr6	149133966	149156386	5	9630	13900.4	3152.252	827	1
6_WTuntr_H3K27ac_rep_A_peak_10805_lociStitched	chr17	57226886	57250086	6	9467	14943.12	4196.88	828	1
5_WTuntr_H3K27ac_rep_A_peak_4272_lociStitched	chr11	100313324	100322656	5	6972	12125.0676	1397.0004	829	1
2_WTuntr_H3K27ac_rep_A_peak_25257_lociStitched	chr9	106156837	106172349	2	5546	13346.5248	2624.6304	830	1
2_WTuntr_H3K27ac_rep_A_peak_1159_lociStitched	chr1	164247344	164253174	2	5397	11700.227	987.602	831	1
2_WTuntr_H3K27ac_rep_A_peak_21945_lociStitched	chr7	84602922	84607209	2	3873	11482.3008	788.3793	832	1
